,date,symbol,reportedCurrency,fillingDate,acceptedDate,period,revenue,costOfRevenue,grossProfit,grossProfitRatio,researchAndDevelopmentExpenses,generalAndAdministrativeExpenses,sellingAndMarketingExpenses,otherExpenses,operatingExpenses,costAndExpenses,interestExpense,depreciationAndAmortization,ebitda,ebitdaratio,operatingIncome,operatingIncomeRatio,totalOtherIncomeExpensesNet,incomeBeforeTax,incomeBeforeTaxRatio,incomeTaxExpense,netIncome,netIncomeRatio,eps,epsdiluted,weightedAverageShsOut,weightedAverageShsOutDil,link,finalLink,timestamp,est_time,est_date
0,2021-04-03,BXC,USD,2021-05-04,2021-05-04 16:27:12,Q1,1025469000,845077000,180392000,0.17591170479068602,0.0,75560000.0,0.0,5306.0,80866000.0,925943000.0,-16234000.0,7465000.0,106991000.0,0.10433372437392062,99526000.0,0.0970541284036865,-314000.0,83606000.0,0.08152952453950339,21746000.0,61860000.0,0.06032361777879195,6.578910285295625,6.578910285295625,9402773.0,9402773.0,https://www.sec.gov/Archives/edgar/data/1301787/000130178721000036/0001301787-21-000036-index.htm,https://www.sec.gov/Archives/edgar/data/1301787/000130178721000036/bxc-20210403.htm,1620589807,15:50:07,20210509
1,2021-01-02,BXC,USD,2021-03-03,2021-03-03 16:29:59,Q4,3097328000,2619594000,477734000,0.15424068745705977,0.0,314228000.0,0.0,21265.0,335493000.0,2955087000.0,-47414.0,28901000.0,171142000.0,0.05525472278040944,142241000.0,0.045923776881234404,-254.0,95081000.0,0.030697749802410336,14199000.0,80882000.0,0.026113475873397973,8.60193051560428,8.60193051560428,9402773.0,9402773.0,https://www.sec.gov/Archives/edgar/data/1301787/000130178721000013/0001301787-21-000013-index.htm,https://www.sec.gov/Archives/edgar/data/1301787/000130178721000013/bxc-20210102.htm,1620589807,15:50:07,20210509
2,2020-09-26,BXC,USD,2020-10-28,2020-10-28 16:39:59,Q3,871063000,711603000,159460000,0.18306368196100625,0.0,78992000.0,0.0,-988000.0,78004000.0,789607000.0,-10776000.0,7087000.0,88543000.0,0.1016493640528871,81456000.0,0.0935133279682411,-238000.0,70918000.0,0.08141546593070766,15802000.0,55116000.0,0.06327441298734994,6.49,6.49,9402773.0,9402773.0,https://www.sec.gov/Archives/edgar/data/1301787/000130178720000040/0001301787-20-000040-index.htm,https://www.sec.gov/Archives/edgar/data/1301787/000130178720000040/bxc-20200926.htm,1620589807,15:50:07,20210509
3,2020-06-27,BXC,USD,2020-08-03,2020-08-03 16:38:10,Q2,698776000,597956000,100820000,0.14428085681248354,0.0,69710000.0,0.0,1962000.0,78735000.00000001,676691000.0,11535000.0,7063000.000000001,29148000.0,0.04171293805167894,22085000.0,0.031605264061730795,-417000.0,10133000.0,0.014501070443174923,3438000.0,6695000.0,0.00958103884506623,0.71208,0.71208,9402000.0,9402000.0,https://www.sec.gov/Archives/edgar/data/1301787/000130178720000033/0001301787-20-000033-index.htm,https://www.sec.gov/Archives/edgar/data/1301787/000130178720000033/bxc0627202010q.htm,1620589807,15:50:07,20210509
4,2020-03-28,BXC,USD,2020-05-06 00:00:00,2020-05-06 16:38:24,Q1,662070000,568861000,93209000,0.14078420710800973,0.0,77769000.0,0.0,7110000.0,84879000.00000001,653740000.0,14380000.0,7635000.0,15965000.0,0.02411376440557645,8330000.0,0.012581751174347124,237000.0,-5813000.0,-0.00878003836452339,-5026000.0,-787000.0,-0.001188696059329074,-0.08403,-0.08403,9366000.0,9366000.0,https://www.sec.gov/Archives/edgar/data/1301787/000130178720000025/0001301787-20-000025-index.html,https://www.sec.gov/Archives/edgar/data/1301787/000130178720000025/bxc0328202010q.htm,1620589807,15:50:07,20210509
5,2019-12-28,BXC,USD,2020-03-11 00:00:00,2020-03-11 17:08:16,Q4,613454000,530464000,82990000,0.13528316711603477,0.0,76219000.0,0.0,4540000.0,80758999.9999999,611222999.9999999,-13691000.0,0.0,-27907000.0,-0.045492,2231000.0,0.0036367845021794626,-2756000.0,-14216000.0,-0.02317370169564466,-4021000.0,-10195000.0,-0.016619012998529636,-1.0884,-1.0884,9367000.0,9367000.0,https://www.sec.gov/Archives/edgar/data/1301787/000130178720000010/0001301787-20-000010-index.html,https://www.sec.gov/Archives/edgar/data/1301787/000130178720000010/bxc1228201910-k.htm,1620589807,15:50:07,20210509
6,2019-09-28,BXC,USD,2019-11-06 00:00:00,2019-11-06 16:55:02,Q3,678665000,584952000,93713000,0.13808432731907494,0.0,79881000.0,0.0,7539000.0,87419999.99999996,672372000.0,13409000.0,0.0,6610000.0,0.00974,6293000.0,0.009272616091886277,317000.0,-6799000.0,-0.010018197490661815,244000.0,-7043000.0,-0.01037772686082235,-0.75198,-0.75198,9366000.0,9366000.0,https://www.sec.gov/Archives/edgar/data/1301787/000130178719000069/0001301787-19-000069-index.html,https://www.sec.gov/Archives/edgar/data/1301787/000130178719000069/bxc0928201910q.htm,1620589807,15:50:07,20210509
7,2019-06-29,BXC,USD,2019-08-07,2019-08-07 16:42:05,Q2,706448000,612281000,94167000,0.13329643512332118,0.0,74101000.0,0.0,-2257000.0,71844000.00000004,684125000.0,13717000.0,7502999.999999999,29826000.0,0.04221966797273118,22323000.0,0.03159892872511494,45000.0,8651000.0,0.012245770389328019,2350000.0,6301000.0,0.008919269358820465,0.67326,0.67326,9359000.0,9359000.0,https://www.sec.gov/Archives/edgar/data/1301787/000130178719000061/bxc0629201910q.htm,https://www.sec.gov/Archives/edgar/data/1301787/000130178719000061/bxc0629201910q.htm,1620589807,15:50:07,20210509
8,2019-03-30,BXC,USD,2019-05-08 00:00:00,2019-05-08 16:32:51,Q1,638701000,552656000,86045000,0.13471874946179824,0.0,74410000.0,0.0,7328000.0,81738000.00000006,634394000.0000001,13401000.0,7328000.0,11635000.0,0.018216661630402958,4307000.0,0.0067433744428144,-150000.0,-9244000.0,-0.014473125922771375,-2525000.0,-6719000.0,-0.010519789385017403,-0.71961,-0.71961,9337000.0,9337000.0,https://www.sec.gov/Archives/edgar/data/1301787/000130178719000025/0001301787-19-000025-index.html,https://www.sec.gov/Archives/edgar/data/1301787/000130178719000025/bxc0330201910q.htm,1620589807,15:50:07,20210509
9,2018-12-29,BXC,USD,2019-03-13 00:00:00,2019-03-13 17:15:06,Q4,672635000,591512000,81123000,0.12060478565641099,0.0,80659000.0,0.0,7649000.0,88308000.0000001,679820000.0000001,13354000.0,0.0,-7087000.0,-0.010536,-7185000.0,-0.01068187055386651,98000.0,-20441000.0,-0.03038943855136887,-4269000.0,-16172000.0,-0.024042757216023548,-1.74023,-1.74023,9293000.0,9293000.0,https://www.sec.gov/Archives/edgar/data/1301787/000130178719000013/0001301787-19-000013-index.html,https://www.sec.gov/Archives/edgar/data/1301787/000130178719000013/bxc1229201810-k.htm,1620589807,15:50:07,20210509
10,2018-09-29,BXC,USD,2018-11-08 00:00:00,2018-11-08 17:04:30,Q3,859776000,768021000,91755000,0.10671965721304154,0.0,87692000.0,0.0,8068000.0,95759999.99999999,863781000.0,13273000.0,0.0,-3911000.0,-0.004549,-4005000.0,-0.004658190040196517,94000.0,-17184000.0,-0.019986601161232694,-7288000.0,-9896000.0,-0.011509974691082328,-1.06707,-1.06707,9274000.0,9274000.0,https://www.sec.gov/Archives/edgar/data/1301787/000130178718000141/0001301787-18-000141-index.html,https://www.sec.gov/Archives/edgar/data/1301787/000130178718000141/bxc0929201810q.htm,1620589807,15:50:07,20210509
11,2018-06-30,BXC,USD,2018-08-09 00:00:00,2018-08-09 17:32:03,Q2,892952000,789301000,103651000,0.11607678800204266,0.0,91723000.0,0.0,94000.0,99167000.0,888468000.0,12194000.0,0.0,12022000.0,0.013463209668604807,4484000.0,0.005021546510898682,94000.0,-7616000.0,-0.008529013877565647,942000.0,-8558000.0,-0.009583941802022954,-0.93,-0.93,9215000.0,9215000.0,https://www.sec.gov/Archives/edgar/data/1301787/000130178718000127/0001301787-18-000127-index.html,https://www.sec.gov/Archives/edgar/data/1301787/000130178718000127/bxc0630201810q.htm,1620589807,15:50:07,20210509
12,2018-03-31,BXC,USD,2018-05-03 00:00:00,2018-05-03 16:48:37,Q1,437487000,382162000,55325000,0.12646090055247355,0.0,59240000.0,0.0,94000.0,61905000.0,444067000.0,8480000.0,0.0,-3821000.0,-0.008733973809507483,-6580000.0,-0.015040446916136936,94000.0,-14966000.0,-0.034209016496490184,-1539000.0,-13427000.0,-0.03069119768130253,-1.47,-1.47,9137000.0,9137000.0,https://www.sec.gov/Archives/edgar/data/1301787/000130178718000077/0001301787-18-000077-index.html,https://www.sec.gov/Archives/edgar/data/1301787/000130178718000077/bxc0331201810q.htm,1620589807,15:50:07,20210509
13,2017-12-30,BXC,USD,2018-03-01 00:00:00,2018-03-01 16:57:47,Q4,433600000,378100000,55500000,0.12799815498154982,0.0,50000000.0,0.0,2167000.0,52099999.99999996,430199999.99999994,4945000.0,0.0,-25155000.0,-0.058014,3400000.0,0.007841328413284132,800000.0,-800000.0,-0.0018450184501845018,-83600000.0,53500000.0,0.12338560885608855,5.69149,5.69149,9400000.0,9400000.0,https://www.sec.gov/Archives/edgar/data/1301787/000130178718000033/0001301787-18-000033-index.html,https://www.sec.gov/Archives/edgar/data/1301787/000130178718000033/bxc1230201710-k.htm,1620589807,15:50:07,20210509
14,2017-09-30,BXC,USD,2017-11-02 00:00:00,2017-11-02 16:42:16,Q3,479318000,418773000,60545000,0.12631488907155583,0.0,46817000.0,0.0,0.0,49066000.0,467839000.0,5670000.0,0.0,13728000.0,0.02864069365223088,11479000.0,0.023948610317158964,0.0,5809000.0,0.01211930284278913,123000.0,5686000.0,0.011862688236202271,0.63,0.62,9079000.0,9243000.0,https://www.sec.gov/Archives/edgar/data/1301787/000130178717000112/0001301787-17-000112-index.html,https://www.sec.gov/Archives/edgar/data/1301787/000130178717000112/bxc0930201710q.htm,1620589807,15:50:07,20210509
15,2017-07-01,BXC,USD,2017-08-10 00:00:00,2017-08-10 17:06:38,Q2,474000000,413500000,60500000,0.12763713080168776,0.0,49200000.0,0.0,-2000.0,51399999.99999998,464900000.0,5368000.0,0.0,9268000.0,0.019553,9100000.0,0.01919831223628692,100000.0,3900000.0,0.008227848101265823,700000.0,3200000.0,0.006751054852320675,0.34783,0.34783,9200000.0,9200000.0,https://www.sec.gov/Archives/edgar/data/1301787/000130178717000086/0001301787-17-000086-index.html,https://www.sec.gov/Archives/edgar/data/1301787/000130178717000086/bxc0701201710q.htm,1620589807,15:50:07,20210509
16,2017-04-01,BXC,USD,2017-05-04 00:00:00,2017-05-04 16:41:47,Q1,428600000,374200000,54400000,0.12692487167522165,0.0,53100000.0,0.0,0.0,48699999.99999999,422900000.0,5242000.0,0.0,5842000.0,0.01363,5700000.0,0.013299113392440503,100000.0,600000.0,0.0013999066728884741,0.0,600000.0,0.0013999066728884741,0.06593,0.06593,9100000.0,9100000.0,https://www.sec.gov/Archives/edgar/data/1301787/000130178717000051/0001301787-17-000051-index.html,https://www.sec.gov/Archives/edgar/data/1301787/000130178717000051/bxc0401201710q.htm,1620589807,15:50:07,20210509
17,2016-12-31,BXC,USD,2017-03-02 00:00:00,2017-03-02 17:11:50,Q4,422000000,369283000,52374000,0.12410900473933649,0.0,47306000.0,0.0,0.0,49557000.0,418840000.0,5336000.0,0.0,5068000.0,0.012009478672985782,2817000.0,0.006675355450236967,13396000.0,10877000.0,0.02577488151658768,512000.0,10365000.0,0.024561611374407582,1.16,1.14,8935345.0,9092105.0,https://www.sec.gov/Archives/edgar/data/1301787/000130178717000032/0001301787-17-000032-index.html,https://www.sec.gov/Archives/edgar/data/1301787/000130178717000032/bxc1231201610-k.htm,1620589807,15:50:07,20210509
18,2016-10-01,BXC,USD,2016-11-10 00:00:00,2016-11-10 16:57:48,Q3,476000000,416000000,60100000,0.12626050420168067,0.0,49200000.0,0.0,-5127000.0,37399999.99999998,453400000.0,6105000.0,0.0,22605000.0,0.047489,22600000.0,0.04747899159663865,0.0,16500000.0,0.03466386554621849,1500000.0,15000000.0,0.031512605042016806,1.68539,1.68539,8900000.0,8900000.0,https://www.sec.gov/Archives/edgar/data/1301787/000130178716000234/0001301787-16-000234-index.html,https://www.sec.gov/Archives/edgar/data/1301787/000130178716000234/bxc1001201610q.htm,1620589807,15:50:07,20210509
19,2016-07-02,BXC,USD,2016-08-04,2016-08-04 16:46:25,Q2,509000000,451600000,57400000,0.11277013752455796,0.0,45100000.0,0.0,2396000.0,54699999.99999999,506300000.0,6250000.0,0.0,2650000.0,0.005206,2700000.0,0.005304518664047151,-100000.0,-3700000.0,-0.007269155206286837,-500000.0,-3100000.0,-0.006090373280943025,-0.34831,-0.34831,8900000.0,8900000.0,https://www.sec.gov/Archives/edgar/data/1301787/000130178716000220/bxc0702201610q.htm,https://www.sec.gov/Archives/edgar/data/1301787/000130178716000220/bxc0702201610q.htm,1620589807,15:50:07,20210509
20,2016-04-02,BXC,USD,2016-05-12 00:00:00,2016-05-12 16:46:09,Q1,474300000,416700000,57600000,0.12144212523719165,0.0,54700000.0,0.0,2476000.0,57300000.00000001,474000000.0,7207000.0,0.0,707000.0,0.001491,300000.0,0.0006325110689437065,400000.0,-6500000.0,-0.013704406493780307,-400000.0,-6100000.0,-0.012861058401855367,-0.68539,-0.68539,8900000.0,8900000.0,https://www.sec.gov/Archives/edgar/data/1301787/000130178716000178/0001301787-16-000178-index.html,https://www.sec.gov/Archives/edgar/data/1301787/000130178716000178/bxc0402201610q.htm,1620589807,15:50:07,20210509
21,2016-01-02,BXC,USD,2016-03-28 00:00:00,2016-03-28 17:25:57,Q4,428200000,376700000,51500000,0.12027090144792153,0.0,45300000.0,0.0,2586000.0,47900000.00000004,424600000.00000006,6984000.0,2499999.999999999,6099999.999999999,0.01424567958897711,3600000.0,0.008407286314806165,-200000.0,-3600000.0,-0.008407286314806165,2400000.0,-6100000.0,-0.014245679588977114,-0.69318,-0.69318,8800000.0,8800000.0,https://www.sec.gov/Archives/edgar/data/1301787/000130178716000147/0001301787-16-000147-index.html,https://www.sec.gov/Archives/edgar/data/1301787/000130178716000147/bxc0102201610-k.htm,1620589807,15:50:07,20210509
22,2015-10-03,BXC,USD,2015-11-12 00:00:00,2015-11-12 16:56:15,Q3,517800000,457000000,60800000,0.11741985322518347,0.0,49900000.0,0.0,2439000.0,52399999.99999998,509400000.0,7115000.0,2500000.0,11000000.0,0.021243723445345693,8500000.0,0.016415604480494398,-300000.0,1100000.0,0.0021243723445345695,500000.0,600000.0,0.0011587485515643105,0.06818,0.06818,8800000.0,8800000.0,https://www.sec.gov/Archives/edgar/data/1301787/000130178715000125/0001301787-15-000125-index.html,https://www.sec.gov/Archives/edgar/data/1301787/000130178715000125/bxc-10032015x10q.htm,1620589807,15:50:07,20210509
23,2015-07-04,BXC,USD,2015-08-13 00:00:00,2015-08-13 17:19:01,Q2,515700000,455700000,60000000,0.11634671320535195,0.0,50500000.0,0.0,2438000.0,53100000.00000002,508800000.0,6690000.0,2400000.0000000005,9300000.0,0.018033740546829553,6900000.0,0.013379872018615475,0.0,200000.0,0.00038782237735117316,-2700000.0,2900000.0,0.005623424471592011,0.32955,0.32955,8800000.0,8800000.0,https://www.sec.gov/Archives/edgar/data/1301787/000130178715000114/0001301787-15-000114-index.html,https://www.sec.gov/Archives/edgar/data/1301787/000130178715000114/bxc-07042015x10q.htm,1620589807,15:50:07,20210509
24,2015-04-04,BXC,USD,2015-05-07 00:00:00,2015-05-07 16:50:21,Q1,454900000,404800000,50200000,0.11035392393932733,0.0,49700000.0,0.0,2278000.0,52300000.00000001,457100000.0,6553000.0,2300000.0,200000.0,0.00043965706748735987,-2100000.0,-0.004616399208617278,-400000.0,-9000000.0,-0.019784568036931193,-100000.0,-8900000.0,-0.019564739503187514,-1.02299,-1.02299,8700000.0,8700000.0,https://www.sec.gov/Archives/edgar/data/1301787/000130178715000065/0001301787-15-000065-index.html,https://www.sec.gov/Archives/edgar/data/1301787/000130178715000065/bxc-04042015x10q.htm,1620589807,15:50:07,20210509
25,2015-01-03,BXC,USD,2015-02-20,2015-02-19 17:33:27,Q4,454100000,404300000,49800000,0.10966747412464214,0.0,48100000.0,0.0,2297000.0,50399999.99999998,454700000.0,6681000.0,2300000.0,1700000.0,0.003743668795419511,-600000.0,-0.0013212948689715921,0.0,-7300000.0,-0.01607575423915437,400000.0,-7600000.0,-0.016736401673640166,-0.87356,-0.87356,8700000.0,8700000.0,https://www.sec.gov/Archives/edgar/data/1301787/000130178715000039/bxc-01032015x10k.htm,https://www.sec.gov/Archives/edgar/data/1301787/000130178715000039/bxc-01032015x10k.htm,1620589807,15:50:07,20210509
26,2014-10-04,BXC,USD,2014-11-06 00:00:00,2014-11-06 16:06:56,Q3,549800000,485300000,64600000,0.11749727173517643,0.0,56100000.0,0.0,2403000.0,58499999.99999994,543799999.9999999,6777000.0,2400000.0000000005,8400000.0,0.015278283012004365,6000000.0,0.010913059294288832,-200000.0,-900000.0,-0.001636958894143325,-100000.0,-900000.0,-0.001636958894143325,-0.10465,-0.10465,8600000.0,8600000.0,https://www.sec.gov/Archives/edgar/data/1301787/000130178714000008/0001301787-14-000008-index.html,https://www.sec.gov/Archives/edgar/data/1301787/000130178714000008/bxc-10042014x10q.htm,1620589807,15:50:07,20210509
27,2014-07-05,BXC,USD,2014-08-07 00:00:00,2014-08-07 17:26:48,Q2,531500000,469500000,62000000,0.11665098777046096,0.0,54900000.0,0.0,2421000.0,52299999.999999955,521799999.99999994,6859000.0,2400000.0,12100000.0,0.022765757290686736,9700000.0,0.018250235183443087,0.0,2900000.0,0.005456255879586077,-300000.0,3200000.0,0.006020696142991533,0.37209,0.37209,8600000.0,8600000.0,https://www.sec.gov/Archives/edgar/data/1301787/000157104914003799/0001571049-14-003799-index.html,https://www.sec.gov/Archives/edgar/data/1301787/000157104914003799/t79902_10q.htm,1620589807,15:50:07,20210509
28,2014-04-05,BXC,USD,2014-05-08 00:00:00,2014-05-08 16:15:39,Q1,443900000,391300000,52700000,0.11872043252984907,0.0,52200000.0,0.0,2352000.0,54300000.00000001,445600000.0,6454000.0,2400000.0,700000.0,0.0015769317413831944,-1700000.0,-0.003829691371930615,-200000.0,-8300000.0,-0.01869790493354359,300000.0,-8600000.0,-0.019373732822707816,-1.0,-1.0,8600000.0,8600000.0,https://www.sec.gov/Archives/edgar/data/1301787/000157104914001596/0001571049-14-001596-index.html,https://www.sec.gov/Archives/edgar/data/1301787/000157104914001596/t79190_10q.htm,1620589807,15:50:07,20210509
29,2014-01-04,BXC,USD,2014-02-24,2014-02-24 06:20:45,Q4,486300000,431900000,54300000,0.11165946946329426,0.0,55500000.0,0.0,2018000.0,58100000.00000002,490000000.0,7131000.0,2599999.9999999995,-1100000.0000000005,-0.0022619782027555016,-3700000.0,-0.0076084721365412295,-100000.0,-10800000.0,-0.022208513263417645,-8300000.0,-2500000.0,-0.005140859551717047,-0.29412,-0.29412,8500000.0,8500000.0,https://www.sec.gov/Archives/edgar/data/1301787/000157104914000578/t78310_10k.htm,https://www.sec.gov/Archives/edgar/data/1301787/000157104914000578/t78310_10k.htm,1620589807,15:50:07,20210509
30,2013-09-28,BXC,USD,2013-10-31 00:00:00,2013-10-31 16:22:56,Q3,558000000,495500000,62500000,0.11200716845878136,0.0,57300000.0,0.0,2145000.0,59399999.99999998,554900000.0,6918000.0,2099999.9999999995,5200000.0,0.00931899641577061,3100000.0,0.005555555555555556,0.0,-3800000.0,-0.006810035842293907,-600000.0,-3200000.0,-0.005734767025089606,-0.37647,-0.37647,8500000.0,8500000.0,https://www.sec.gov/Archives/edgar/data/1301787/000118811213003103/0001188112-13-003103-index.html,https://www.sec.gov/Archives/edgar/data/1301787/000118811213003103/t77673_10q.htm,1620589807,15:50:07,20210509
31,2013-06-29,BXC,USD,2013-07-31 00:00:00,2013-07-31 15:40:26,Q2,604600000,549400000,55200000,0.09130003307972213,0.0,68500000.0,0.0,2229000.0,70700000.00000004,620100000.0,6916000.0,2200000.0,-13400000.0,-0.02216341382732385,-15600000.0,-0.025802183261660602,-100000.0,-22600000.0,-0.03738008600727754,-300000.0,-22300000.0,-0.03688389017532253,-2.65476,-2.65476,8400000.0,8400000.0,https://www.sec.gov/Archives/edgar/data/1301787/000118811213002165/0001188112-13-002165-index.html,https://www.sec.gov/Archives/edgar/data/1301787/000118811213002165/t77026_10q.htm,1620589807,15:50:07,20210509
32,2013-03-30,BXC,USD,2013-05-13 00:00:00,2013-05-13 16:36:00,Q1,503200000,446700000,56500000,0.11228139904610493,0.0,59400000.0,0.0,2173000.0,61600000.00000002,508300000.0,7192000.0,2200000.0,-2900000.0,-0.005763116057233704,-5100000.0,-0.010135135135135136,-100000.0,-12400000.0,-0.0246422893481717,200000.0,-12600000.0,-0.025039745627980923,-1.8806,-1.8806,6700000.0,6700000.0,https://www.sec.gov/Archives/edgar/data/1301787/000118811213001502/0001188112-13-001502-index.html,https://www.sec.gov/Archives/edgar/data/1301787/000118811213001502/t76360_10q.htm,1620589807,15:50:07,20210509
33,2012-12-29,BXC,USD,2013-02-20 00:00:00,2013-02-20 17:25:01,Q4,440300000,388200000,52100000,0.1183284124460595,0.0,54600000.0,0.0,4009000.0,56600000.00000002,444800000.0,9109000.0,2000000.0,-2500000.0,-0.005677946854417443,-4500000.0,-0.010220304337951397,0.0,-11300000.0,-0.02566431978196684,100000.0,-11400000.0,-0.02589143765614354,-1.75385,-1.75385,6500000.0,6500000.0,https://www.sec.gov/Archives/edgar/data/1301787/000118811213000440/0001188112-13-000440-index.html,https://www.sec.gov/Archives/edgar/data/1301787/000118811213000440/t75564_10k.htm,1620589807,15:50:07,20210509
34,2012-09-29,BXC,USD,2012-11-01 00:00:00,2012-11-01 17:18:57,Q3,496800000,436300000,60500000,0.12177938808373591,0.0,48200000.0,0.0,6553000.0,50199999.99999999,486500000.0,21401000.0,2199999.999999999,12500000.0,0.025161030595813205,10300000.0,0.02073268921095008,0.0,3000000.0,0.006038647342995169,-100000.0,3100000.0,0.006239935587761675,0.47692,0.47692,6500000.0,6500000.0,https://www.sec.gov/Archives/edgar/data/1301787/000118811212003212/0001188112-12-003212-index.html,https://www.sec.gov/Archives/edgar/data/1301787/000118811212003212/t74864_10q.htm,1620589807,15:50:07,20210509
35,2012-06-30,BXC,USD,2012-08-02 00:00:00,2012-08-02 16:31:43,Q2,517026000,453838000,63188000,0.12221435672480688,0.0,57136000.0,0.0,0.0,59323000.0,513161000.0,7325000.0,2187000.0,6052000.0,0.01170540746500176,3865000.0,0.00747544610909316,-49000.0,-3509000.0,-0.006786892728798939,197000.0,-3706000.0,-0.0071679180544111905,-0.6,-0.6,6009800.0,6009800.0,https://www.sec.gov/Archives/edgar/data/1301787/000119312512332002/0001193125-12-332002-index.html,https://www.sec.gov/Archives/edgar/data/1301787/000119312512332002/d344364d10q.htm,1620589807,15:50:07,20210509
36,2012-03-31,BXC,USD,2012-05-03,2012-05-03 15:57:11,Q1,453708000,399476000,54232000,0.11953062322022094,0.0,56066000.0,0.0,0.0,58326000.0,457802000.0,6782000.0,2260000.0,-1834000.0,-0.004042247436677335,-4094000.0,-0.009023424757773723,62000.0,-10814000.0,-0.02383471307537006,205000.0,-11019000.0,-0.02428654553148721,-1.8,-1.8,5998700.0,5998700.0,https://www.sec.gov/Archives/edgar/data/1301787/000119312512082075/d291228d10k.htm,https://www.sec.gov/Archives/edgar/data/1301787/000119312512082075/d291228d10k.htm,1620589807,15:50:07,20210509
37,2011-12-31,BXC,USD,2012-02-27 00:00:00,2012-02-27 17:30:10,Q4,391118000,343161000,47957000,0.1226151698464402,0.0,48097000.0,0.0,0.0,50539000.0,393700000.0,6756000.0,2442000.0,-140000.0,-0.000357948240684397,-2582000.0,-0.00660158826747938,-91000.0,-9429000.0,-0.02410781401009414,823000.0,-10252000.0,-0.026212038310688846,-2.0101960784313726,-2.0101960784313726,5100000.0,5100000.0,https://www.sec.gov/Archives/edgar/data/1301787/000119312512082075/0001193125-12-082075-index.html,https://www.sec.gov/Archives/edgar/data/1301787/000119312512082075/d291228d10k.htm,1620589807,15:50:07,20210509
38,2011-10-01,BXC,USD,2011-11-04 00:00:00,2011-11-04 15:36:38,Q3,472900000,414600000,58300000,0.1232818777754282,0.0,54500000.0,0.0,2559000.0,57099999.99999996,471699999.99999994,-7000000.0,2500000.0,3700000.0,0.007824064284203848,1200000.0,0.0025375343624444912,-300000.0,-6100000.0,-0.01289913300909283,100000.0,-6200000.0,-0.013110594205963206,-1.21569,-1.21569,5100000.0,5100000.0,https://www.sec.gov/Archives/edgar/data/1301787/000095012311095299/0000950123-11-095299-index.html,https://www.sec.gov/Archives/edgar/data/1301787/000095012311095299/c21933e10vq.htm,1620589807,15:50:07,20210509
39,2011-07-02,BXC,USD,2011-08-05 00:00:00,2011-08-05 16:36:09,Q2,500800000,443200000,57600000,0.11501597444089456,0.0,56800000.0,0.0,5561000.0,59400000.00000004,502600000.00000006,-54218000.0,2699999.9999999995,899999.9999999995,0.0017971246006389767,-1800000.0,-0.003594249201277955,-100000.0,-9600000.0,-0.019169329073482427,200000.0,-9800000.0,-0.019568690095846646,-2.72222,-2.72222,3600000.0,3600000.0,https://www.sec.gov/Archives/edgar/data/1301787/000095012311073721/0000950123-11-073721-index.html,https://www.sec.gov/Archives/edgar/data/1301787/000095012311073721/c19539e10vq.htm,1620589807,15:50:07,20210509
40,2011-04-02,BXC,USD,2011-05-06 00:00:00,2011-05-06 14:15:09,Q1,390600000,344300000,46300000,0.11853558627752177,0.0,48400000.0,0.0,0.0,51399999.99999998,395700000.0,-7300000.0,2900000.0,-2200000.0,-0.0056323604710701485,-5100000.0,-0.013056835637480798,0.0,-12400000.0,-0.031746031746031744,-100000.0,-12300000.0,-0.0314900153609831,-3.41667,-3.41667,3600000.0,3600000.0,https://www.sec.gov/Archives/edgar/data/1301787/000095012311046471/0000950123-11-046471-index.html,https://www.sec.gov/Archives/edgar/data/1301787/000095012311046471/c16554e10vq.htm,1620589807,15:50:07,20210509
41,2011-01-01,BXC,USD,2011-02-28,2011-02-28 17:00:31,Q4,367900000,323600000,44300000,0.1204131557488448,0.0,53500000.0,0.0,13365000.0,56500000.0,380100000.0,-33788000.0,3099999.9999999995,-9100000.0,-0.024734982332155476,-12200000.0,-0.033161185104648,-100000.0,-20100000.0,-0.05463441152487089,100000.0,-20200000.0,-0.05490622451753194,-5.61111,-5.61111,3600000.0,3600000.0,https://www.sec.gov/Archives/edgar/data/1301787/000095012311019850/g26283e10vk.htm,https://www.sec.gov/Archives/edgar/data/1301787/000095012311019850/g26283e10vk.htm,1620589807,15:50:07,20210509
42,2010-10-02,BXC,USD,2010-11-05 00:00:00,2010-11-05 14:45:34,Q3,464700000,414700000,49900000,0.10738110608995051,0.0,54100000.0,0.0,0.0,57300000.00000001,472000000.0,-8100000.0,3100000.0000000005,-4200000.0,-0.009038089089735314,-7300000.0,-0.015709059608349472,-200000.0,-15600000.0,-0.03357004519044545,-800000.0,-14900000.0,-0.032063697008822896,-4.13889,-4.13889,3600000.0,3600000.0,https://www.sec.gov/Archives/edgar/data/1301787/000095012310101606/0000950123-10-101606-index.html,https://www.sec.gov/Archives/edgar/data/1301787/000095012310101606/c07862e10vq.htm,1620589807,15:50:07,20210509
43,2010-07-03,BXC,USD,2010-08-06 00:00:00,2010-08-06 17:21:03,Q2,540800000,476700000,64100000,0.11852810650887574,0.0,57100000.0,0.0,7178000.0,60500000.00000006,537200000.0000001,-15520000.0,3500000.0,7100000.0,0.01312869822485207,3600000.0,0.006656804733727811,0.0,-3400000.0,-0.00628698224852071,0.0,-3400000.0,-0.00628698224852071,-0.94444,-0.94444,3600000.0,3600000.0,https://www.sec.gov/Archives/edgar/data/1301787/000095012310074430/0000950123-10-074430-index.html,https://www.sec.gov/Archives/edgar/data/1301787/000095012310074430/c04456e10vq.htm,1620589807,15:50:07,20210509
44,2010-04-03,BXC,USD,2010-05-07 00:00:00,2010-05-07 16:26:19,Q1,431100000,378800000,52300000,0.1213175597309209,0.0,55400000.0,0.0,0.0,60199999.99999999,439000000.0,-6500000.0,3700000.0,-4300000.0,-0.009974483878450475,-8000000.0,-0.01855717930874507,-200000.0,-14700000.0,-0.03409881697981907,0.0,-14700000.0,-0.03409881697981907,-4.08333,-4.08333,3600000.0,3600000.0,https://www.sec.gov/Archives/edgar/data/1301787/000095012310046430/0000950123-10-046430-index.html,https://www.sec.gov/Archives/edgar/data/1301787/000095012310046430/c00509e10vq.htm,1620589807,15:50:07,20210509
45,2010-01-02,BXC,USD,2010-03-02 00:00:00,2010-03-02 16:10:30,Q4,366100000,320800000,45300000,0.12373668396612947,0.0,52500000.0,0.0,519000.0,50099999.99999996,370899999.99999994,-32456000.0,3800000.000000001,-999999.9999999991,-0.0027314941272876237,-4800000.0,-0.013111171810980607,0.0,-11600000.0,-0.031685331876536466,-23600000.0,12000000.0,0.03277792952745152,3.15789,3.15789,3800000.0,3800000.0,https://www.sec.gov/Archives/edgar/data/1301787/000095012310020027/0000950123-10-020027-index.html,https://www.sec.gov/Archives/edgar/data/1301787/000095012310020027/c97107e10vk.htm,1620589807,15:50:07,20210509
46,2009-10-03,BXC,USD,2009-11-06 00:00:00,2009-11-06 15:35:48,Q3,449400000,394100000,55300000,0.12305295950155763,0.0,55000000.0,0.0,0.0,58899999.99999998,453000000.0,-9400000.0,3899999.9999999986,299999.9999999986,0.0006675567423230944,-3600000.0,-0.00801068090787717,-300000.0,-13300000.0,-0.029595015576323987,100000.0,-13500000.0,-0.030040053404539385,-3.75,-3.75,3600000.0,3600000.0,https://www.sec.gov/Archives/edgar/data/1301787/000095012309059266/0000950123-09-059266-index.html,https://www.sec.gov/Archives/edgar/data/1301787/000095012309059266/c92077e10vq.htm,1620589807,15:50:07,20210509
47,2009-07-04,BXC,USD,2009-08-11 00:00:00,2009-08-11 16:45:00,Q2,423500000,375200000,48300000,0.1140495867768595,0.0,52200000.0,0.0,0.0,37800000.00000001,413000000.0,-9600000.0,4300000.000000001,14900000.0,0.03518299881936245,10600000.0,0.025029515938606847,-300000.0,700000.0,0.001652892561983471,0.0,600000.0,0.0014167650531286896,0.16216,0.16216,3700000.0,3700000.0,https://www.sec.gov/Archives/edgar/data/1301787/000095012309033562/0000950123-09-033562-index.html,https://www.sec.gov/Archives/edgar/data/1301787/000095012309033562/c89102e10vq.htm,1620589807,15:50:07,20210509
48,2009-04-04,BXC,USD,2009-05-13 00:00:00,2009-05-12 17:41:33,Q1,407100000,362800000,44300000,0.10881847211987226,0.0,56600000.0,0.0,0.0,62699999.99999999,425500000.0,-14400000.0,5000000.0,-13400000.0,-0.03291574551707197,-18400000.0,-0.04519774011299435,200000.0,-32600000.0,-0.0800786047654139,28000000.0,-60700000.0,-0.14910341439449767,-16.40541,-16.40541,3700000.0,3700000.0,https://www.sec.gov/Archives/edgar/data/1301787/000136231009007196/0001362310-09-007196-index.html,https://www.sec.gov/Archives/edgar/data/1301787/000136231009007196/c85205e10vq.htm,1620589807,15:50:07,20210509
49,2009-01-03,BXC,USD,2009-03-06 00:00:00,2009-03-06 17:29:03,Q4,501500000,455100000,46400000,0.09252243270189432,0.0,64100000.0,0.0,5508000.0,73199999.99999993,528299999.99999994,-11017000.0,5500000.0,-21300000.0,-0.04247258225324028,-26800000.0,-0.053439680957128616,-200000.0,-38000000.0,-0.07577268195413758,-12900000.0,-25100000.0,-0.05004985044865404,-6.78378,-6.78378,3700000.0,3700000.0,https://www.sec.gov/Archives/edgar/data/1301787/000095014409001989/0000950144-09-001989-index.html,https://www.sec.gov/Archives/edgar/data/1301787/000095014409001989/g17958e10vk.htm,1620589807,15:50:07,20210509
50,2008-09-27,BXC,USD,2008-11-05 00:00:00,2008-11-05 17:29:24,Q3,726800000,643500000,83200000,0.11447440836543754,0.0,70600000.0,0.0,4940000.0,78700000.00000004,722200000.0,-8791000.0,4900000.0,9400000.0,0.012933406714364337,4500000.0,0.006191524490919097,-100000.0,-4300000.0,-0.0059163456246560265,-1700000.0,-2600000.0,-0.003577325261419923,-0.7027,-0.7027,3700000.0,3700000.0,https://www.sec.gov/Archives/edgar/data/1301787/000136231008006666/0001362310-08-006666-index.html,https://www.sec.gov/Archives/edgar/data/1301787/000136231008006666/c76608e10vq.htm,1620589807,15:50:07,20210509
51,2008-06-28,BXC,USD,2008-08-05 00:00:00,2008-08-05 16:58:27,Q2,834700000,727200000,107400000,0.12866898286809633,0.0,79800000.0,0.0,10071000.0,86399999.99999999,813600000.0,-18739000.0,5100000.0,26200000.0,0.031388522822570986,21100000.0,0.02527854318916976,-200000.0,11500000.0,0.013777405055708639,4900000.0,6600000.0,0.007907032466754522,1.73684,1.73684,3800000.0,3800000.0,https://www.sec.gov/Archives/edgar/data/1301787/000136231008004171/0001362310-08-004171-index.html,https://www.sec.gov/Archives/edgar/data/1301787/000136231008004171/c74229e10vq.htm,1620589807,15:50:07,20210509
52,2008-03-29,BXC,USD,2008-05-05 00:00:00,2008-05-05 17:12:05,Q1,716800000,639000000,77800000,0.10853794642857142,0.0,78600000.0,0.0,0.0,85600000.00000001,724600000.0,-9400000.0,5000000.0,-2800000.0,-0.00390625,-7800000.0,-0.010881696428571428,-100000.0,-17300000.0,-0.024135044642857144,-6700000.0,-10600000.0,-0.014787946428571428,-2.94444,-2.94444,3600000.0,3600000.0,https://www.sec.gov/Archives/edgar/data/1301787/000136231008002414/0001362310-08-002414-index.html,https://www.sec.gov/Archives/edgar/data/1301787/000136231008002414/c73201e10vq.htm,1620589807,15:50:07,20210509
53,2007-12-29,BXC,USD,2008-02-29,2008-02-29 15:48:12,Q4,778900000,712800000,66100000,0.08486326871228655,0.0,106100000.0,0.0,5084000.0,111200000.00000004,824000000.0,-9904000.0,5099999.999999998,-40000000.0,-0.05135447425856978,-45100000.0,-0.057902169726537424,-200000.0,-55200000.0,-0.0708691744768263,-21100000.0,-34100000.0,-0.04377968930543073,-9.47222,-9.47222,3600000.0,3600000.0,https://www.sec.gov/Archives/edgar/data/1301787/000095014408001540/g11953e10vk.htm,https://www.sec.gov/Archives/edgar/data/1301787/000095014408001540/g11953e10vk.htm,1620589807,15:50:07,20210509
54,2007-09-29,BXC,USD,2007-11-07 00:00:00,2007-11-07 12:27:35,Q3,1015900000,913100000,102800000,0.10119106211241263,0.0,84800000.0,0.0,5106000.0,89899999.99999999,1003000000.0,-11352000.0,5100000.000000001,18000000.0,0.01771827935820455,12900000.0,0.01269810020671326,0.0,1500000.0,0.001476523279850379,600000.0,900000.0,0.0008859139679102273,0.25,0.25,3600000.0,3600000.0,https://www.sec.gov/Archives/edgar/data/1301787/000095014407010021/0000950144-07-010021-index.html,https://www.sec.gov/Archives/edgar/data/1301787/000095014407010021/g10309e10vq.htm,1620589807,15:50:07,20210509
55,2007-06-30,BXC,USD,2007-08-09 00:00:00,2007-08-09 15:32:04,Q2,1081990000,962752000,119238000,0.1102024972504367,0.0,93346000.0,0.0,0.0,98681000.0,1061433000.0,11798000.0,5943000.0,26500000.0,0.024491908427989168,20557000.0,0.018999251379402768,225000.0,8984000.0,0.008303219068568101,3550000.0,5434000.0,0.0050222275621771,1.5580169202816587,1.550627827348977,3487767.0,3504387.0,https://www.sec.gov/Archives/edgar/data/1301787/000095014407007579/0000950144-07-007579-index.html,https://www.sec.gov/Archives/edgar/data/1301787/000095014407007579/g08803e10vq.htm,1620589807,15:50:07,20210509
56,2007-03-31,BXC,USD,2007-05-07 00:00:00,2007-05-07 16:45:43,Q1,957114000,853359000,103755000,0.10840401456879745,0.0,88468000.0,0.0,0.0,93868000.0,947227000.0,0.0,6006000.0,15893000.0,0.016605127497873816,9887000.0,0.01033001293471833,383000.0,-336000.0,-0.0003510553601765307,-147000.0,-189000.0,-0.0001974686400992985,-0.088446,-0.088446,3482340.0,3482340.0,https://www.sec.gov/Archives/edgar/data/1301787/000095014407004308/0000950144-07-004308-index.html,https://www.sec.gov/Archives/edgar/data/1301787/000095014407004308/g07160e10vq.htm,1620589807,15:50:07,20210509
57,2006-12-30,BXC,USD,2007-02-28,2007-02-28 13:28:35,Q4,940200000,847700000,92500000,0.09838332269729845,0.0,86600000.0,0.0,20640000.0,92000000.0,939700000.0,-46164000.0,5399999.999999999,5999999.999999999,0.006381620931716655,600000.0,0.0006381620931716656,-300000.0,-10400000.0,-0.011061476281642203,-4600000.0,-5900000.0,-0.006275260582854712,-1.63889,-1.63889,3600000.0,3600000.0,https://www.sec.gov/Archives/edgar/data/1301787/000095014407001703/g05674e10vk.htm,https://www.sec.gov/Archives/edgar/data/1301787/000095014407001703/g05674e10vk.htm,1620589807,15:50:07,20210509
58,2006-09-30,BXC,USD,2006-11-01,2006-11-01 17:12:44,Q3,1203578000,1082672000,120906000,0.10045547525793924,0.0,99615000.0,0.0,0.0,104832000.0,1187504000.0,0.0,5826000.0,21900000.0,0.018195746349634175,16074000.0,0.013355179307032864,29000.0,4057000.0,0.003370782782669673,1765000.0,2292000.0,0.0019043219467288369,0.6611404326316072,0.6585629707741132,3466737.0,3480305.0,https://www.sec.gov/Archives/edgar/data/1301787/000095014406010072/g03956e10vq.htm,https://www.sec.gov/Archives/edgar/data/1301787/000095014406010072/g03956e10vq.htm,1620589807,15:50:07,20210509
59,2006-07-01,BXC,USD,2006-08-09,2006-08-09 17:30:10,Q2,1379000000,1242500000,136400000,0.09891225525743293,0.0,98100000.0,0.0,10106000.0,103200000.00000004,1345700000.0,-23459000.0,5100000.0,38400000.0,0.027846265409717186,33300000.0,0.024147933284989122,100000.0,16200000.0,0.011747643219724439,6600000.0,9600000.0,0.0069615663524292964,2.66667,2.66667,3600000.0,3600000.0,https://www.sec.gov/Archives/edgar/data/1301787/000095014406007692/g02838e10vq.htm,https://www.sec.gov/Archives/edgar/data/1301787/000095014406007692/g02838e10vq.htm,1620589807,15:50:07,20210509
60,2006-04-01,BXC,USD,2006-05-04,2006-05-04 16:51:31,Q1,1376600000,1246700000,130000000,0.09443556588696789,0.0,97300000.0,0.0,0.0,102299999.99999996,1349000000.0,-11200000.0,5000000.0,32600000.0,0.023681534214731948,27600000.0,0.020049397065233183,-100000.0,16400000.0,0.011913409850355949,6600000.0,9800000.0,0.007118988813017579,2.72222,2.72222,3600000.0,3600000.0,https://www.sec.gov/Archives/edgar/data/1301787/000095014406001494/g99737e10vk.htm,https://www.sec.gov/Archives/edgar/data/1301787/000095014406001494/g99737e10vk.htm,1620589807,15:50:07,20210509
61,2005-12-31,BXC,USD,2006-02-24,2006-02-24 15:02:53,Q4,1329259000,1188866000,140393000,0.1056174906470447,0.0,100699000.0,0.0,0.0,105676000.0,1294542000.0,11105000.0,5902000.0,40619000.0,0.03055762646707677,34717000.0,0.02611755873008947,-128000.0,23484000.0,0.017666985892139907,8946000.0,14538000.0,0.01093692049480199,4.038333333333333,4.038333333333333,3600000.0,3600000.0,https://www.sec.gov/Archives/edgar/data/1301787/000095014406001494/g99737e10vk.htm,https://www.sec.gov/Archives/edgar/data/1301787/000095014406001494/g99737e10vk.htm,1620589807,15:50:07,20210509
62,2005-10-01,BXC,USD,2005-11-08,2005-11-08 15:30:00,Q3,1454200000,1317200000,137000000,0.09420987484527575,0.0,97900000.0,0.0,4993000.0,102899999.99999987,1420099999.9999998,-31206000.0,5000000.0,39100000.0,0.026887635813505707,34100000.0,0.023449319213313162,300000.0,23200000.0,0.015953789024893413,9300000.0,13900000.0,0.009558520148535277,3.86111,3.86111,3600000.0,3600000.0,https://www.sec.gov/Archives/edgar/data/1301787/000095014405011342/g98131e10vq.htm,https://www.sec.gov/Archives/edgar/data/1301787/000095014405011342/g98131e10vq.htm,1620589807,15:50:07,20210509
63,2005-07-02,BXC,USD,2005-08-08,2005-08-08 17:17:25,Q2,1487000000,1371300000,115700000,0.07780766644250169,0.0,87900000.0,0.0,8800000.0,92500000.0,1463800000.0,-10700000.0,4600000.000000001,27800000.0,0.018695359784801614,23200000.0,0.015601882985877606,-200000.0,12300000.0,0.008271687962340282,4500000.0,7800000.0,0.005245460659045057,2.16667,2.16667,3600000.0,3600000.0,https://www.sec.gov/Archives/edgar/data/1301787/000095014405008387/g96784e10vq.htm,https://www.sec.gov/Archives/edgar/data/1301787/000095014405008387/g96784e10vq.htm,1620589807,15:50:07,20210509
64,2005-04-02,BXC,USD,2005-05-09,2005-05-09 16:42:16,Q1,1351600000,1232300000,119300000,0.08826575910032554,0.0,91400000.0,0.0,0.0,95700000.00000004,1328000000.0,-9300000.0,4200000.0,27900000.0,0.020642201834862386,23700000.0,0.017534773601657293,-100000.0,14200000.0,0.010506066883693401,5800000.0,8400000.0,0.006214856466410181,2.33333,2.33333,3600000.0,3600000.0,https://www.sec.gov/Archives/edgar/data/1301787/000095014405005128/g95116e10vq.htm,https://www.sec.gov/Archives/edgar/data/1301787/000095014405005128/g95116e10vq.htm,1620589807,15:50:07,20210509
65,2004-12-31,BXC,USD,2004-12-31,2004-12-31,Q4,1207627000,1106273000,101354000,0.08392823280698428,0.0,0.0,0.0,0.0,96103000.0,1202376000.0,0.0,5003000.0,10254000.0,0.008491032413154062,5251000.0,0.004348196918419346,0.0,-8606000.0,-0.007126372629959416,-2803000.0,-5803000.0,-0.004805291700169009,-2.835656066144133,-2.835656066144133,2046440.0,2046440.0,,,1620589807,15:50:07,20210509
66,2004-09-30,BXC,USD,2004-09-30,2004-09-30,Q3,821731000,744439000,77292000,0.09405997826539342,0.0,52028000.0,0.0,0.0,54107000.0,798546000.0,0.0,0.0,25252000.0,0.03073025114058007,23185000.0,0.0282148294271483,12000.0,17431000.0,0.021212537922994264,6861000.0,10570000.0,0.01286309023269172,4.510759,4.245421,2046440.0,2182115.0,,,1620589807,15:50:07,20210509
