,date,symbol,reportedCurrency,fillingDate,acceptedDate,period,revenue,costOfRevenue,grossProfit,grossProfitRatio,researchAndDevelopmentExpenses,generalAndAdministrativeExpenses,sellingAndMarketingExpenses,otherExpenses,operatingExpenses,costAndExpenses,interestExpense,depreciationAndAmortization,ebitda,ebitdaratio,operatingIncome,operatingIncomeRatio,totalOtherIncomeExpensesNet,incomeBeforeTax,incomeBeforeTaxRatio,incomeTaxExpense,netIncome,netIncomeRatio,eps,epsdiluted,weightedAverageShsOut,weightedAverageShsOutDil,link,finalLink,timestamp,est_time,est_date
0,2019-09-30,0205.HK,HKD,2019-09-30,2019-09-30,Q3,21805750.0,9108750.0,12697000.0,0.582277610263348,0.0,17681750.0,4532250.0,338000.0,0.0,31307000,515250.0,5832250.0,-3669000.0,-0.1682583722183369,-9501250.0,-0.43572222922852916,0.0,-25047250.0,-1.1486534514978848,-201750.0,-23823500.0,-1.0925329328273505,-0.075,-0.075,318677275,318677275,https://www1.hkexnews.hk/search/titlesearch.xhtml,https://www1.hkexnews.hk/search/titlesearch.xhtml,1620584591,14:23:11,20210509
1,2019-06-30,0205.HK,HKD,2019-06-30,2019-06-30,Q2,21805750.0,9108750.0,12697000.0,0.582277610263348,0.0,17681750.0,4532250.0,338000.0,0.0,31307000,515250.0,5832250.0,-3669000.0,-0.1682583722183369,-9501250.0,-0.43572222922852916,0.0,-25047250.0,-1.1486534514978848,-201750.0,-23823500.0,-1.0925329328273505,-0.075,-0.075,318677275,318677275,https://www1.hkexnews.hk/search/titlesearch.xhtml,https://www1.hkexnews.hk/search/titlesearch.xhtml,1620584591,14:23:11,20210509
2,2019-03-31,0205.HK,HKD,2019-03-31,2019-03-31,Q1,21805750.0,9108750.0,12697000.0,0.582277610263348,0.0,17681750.0,4532250.0,338000.0,0.0,31307000,515250.0,5832250.0,-3669000.0,-0.1682583722183369,-9501250.0,-0.43572222922852916,0.0,-25047250.0,-1.1486534514978848,-201750.0,-23823500.0,-1.0925329328273505,-0.075,-0.075,318677275,318677275,https://www1.hkexnews.hk/search/titlesearch.xhtml,https://www1.hkexnews.hk/search/titlesearch.xhtml,1620584591,14:23:11,20210509
3,2019-01-31,0205.HK,HKD,2019-01-31,2019-01-31,Q1,21805750.0,9108750.0,12697000.0,0.582277610263348,0.0,17681750.0,4532250.0,338000.0,0.0,31307000,515250.0,5832250.0,-3669000.0,-0.1682583722183369,-9501250.0,-0.43572222922852916,0.0,-25047250.0,-1.1486534514978848,-201750.0,-23823500.0,-1.0925329328273505,-0.075,-0.075,318677275,318677275,https://www1.hkexnews.hk/search/titlesearch.xhtml,https://www1.hkexnews.hk/search/titlesearch.xhtml,1620584591,14:23:11,20210509
4,2018-09-30,0205.HK,HKD,2018-09-30,2018-09-30,Q3,45103250.0,23098500.0,22004750.0,0.4878750422641384,0.0,23338250.0,24629500.0,842250.0,0.0,70278750,454250.0,5859500.0,-19316000.0,-0.4282618214873651,-25175500.0,-0.5581748543619363,0.0,-31569750.0,-0.6999440173379967,-319250.0,-31269250.0,-0.6932815262758227,-0.098,-0.098,318677275,318677275,https://www1.hkexnews.hk/search/titlesearch.xhtml,https://www1.hkexnews.hk/search/titlesearch.xhtml,1620584591,14:23:11,20210509
5,2018-06-30,0205.HK,HKD,2018-06-30,2018-06-30,Q2,45103250.0,23098500.0,22004750.0,0.4878750422641384,0.0,23338250.0,24629500.0,842250.0,0.0,70278750,454250.0,5859500.0,-19316000.0,-0.4282618214873651,-25175500.0,-0.5581748543619363,0.0,-31569750.0,-0.6999440173379967,-319250.0,-31269250.0,-0.6932815262758227,-0.098,-0.098,318677275,318677275,https://www1.hkexnews.hk/search/titlesearch.xhtml,https://www1.hkexnews.hk/search/titlesearch.xhtml,1620584591,14:23:11,20210509
6,2018-03-31,0205.HK,HKD,2018-03-31,2018-03-31,Q1,45103250.0,23098500.0,22004750.0,0.4878750422641384,0.0,23338250.0,24629500.0,842250.0,0.0,70278750,454250.0,5859500.0,-19316000.0,-0.4282618214873651,-25175500.0,-0.5581748543619363,0.0,-31569750.0,-0.6999440173379967,-319250.0,-31269250.0,-0.6932815262758227,-0.098,-0.098,318677275,318677275,https://www1.hkexnews.hk/search/titlesearch.xhtml,https://www1.hkexnews.hk/search/titlesearch.xhtml,1620584591,14:23:11,20210509
7,2018-01-31,0205.HK,HKD,2018-01-31,2018-01-31,Q1,45103250.0,23098500.0,22004750.0,0.4878750422641384,0.0,23338250.0,24629500.0,842250.0,0.0,70278750,454250.0,5859500.0,-19316000.0,-0.4282618214873651,-25175500.0,-0.5581748543619363,0.0,-31569750.0,-0.6999440173379967,-319250.0,-31269250.0,-0.6932815262758227,-0.098,-0.098,318677275,318677275,https://www1.hkexnews.hk/search/titlesearch.xhtml,https://www1.hkexnews.hk/search/titlesearch.xhtml,1620584591,14:23:11,20210509
8,2017-09-30,0205.HK,HKD,2017-09-30,2017-09-30,Q3,79783000.0,36234250.0,43548750.0,0.5458399659075241,0.0,24097750.0,30640000.0,465500.0,0.0,90895000,449750.0,4589000.0,-6523000.0,-0.08175927202536881,-11112000.0,-0.1392777910081095,0.0,-63835500.0,-0.8001140593860847,-851500.0,-62926750.0,-0.7887237882756978,-0.1975,-0.1975,318677275,318677275,https://www1.hkexnews.hk/search/titlesearch.xhtml,https://www1.hkexnews.hk/search/titlesearch.xhtml,1620584591,14:23:11,20210509
9,2017-06-30,0205.HK,HKD,2017-06-30,2017-06-30,Q2,79783000.0,36234250.0,43548750.0,0.5458399659075241,0.0,24097750.0,30640000.0,465500.0,0.0,90895000,449750.0,4589000.0,-6523000.0,-0.08175927202536881,-11112000.0,-0.1392777910081095,0.0,-63835500.0,-0.8001140593860847,-851500.0,-62926750.0,-0.7887237882756978,-0.1975,-0.1975,318677275,318677275,https://www1.hkexnews.hk/search/titlesearch.xhtml,https://www1.hkexnews.hk/search/titlesearch.xhtml,1620584591,14:23:11,20210509
10,2017-03-31,0205.HK,HKD,2017-03-31,2017-03-31,Q1,79783000.0,36234250.0,43548750.0,0.5458399659075241,0.0,24097750.0,30640000.0,465500.0,0.0,90895000,449750.0,4589000.0,-6523000.0,-0.08175927202536881,-11112000.0,-0.1392777910081095,0.0,-63835500.0,-0.8001140593860847,-851500.0,-62926750.0,-0.7887237882756978,-0.1975,-0.1975,318677275,318677275,https://www1.hkexnews.hk/search/titlesearch.xhtml,https://www1.hkexnews.hk/search/titlesearch.xhtml,1620584591,14:23:11,20210509
11,2017-01-31,0205.HK,HKD,2017-01-31,2017-01-31,Q1,79783000.0,36234250.0,43548750.0,0.5458399659075241,0.0,24097750.0,30640000.0,465500.0,0.0,90895000,449750.0,4589000.0,-6523000.0,-0.08175927202536881,-11112000.0,-0.1392777910081095,0.0,-63835500.0,-0.8001140593860847,-851500.0,-62926750.0,-0.7887237882756978,-0.1975,-0.1975,318677275,318677275,https://www1.hkexnews.hk/search/titlesearch.xhtml,https://www1.hkexnews.hk/search/titlesearch.xhtml,1620584591,14:23:11,20210509
12,2016-09-30,0205.HK,HKD,2016-09-30,2016-09-30,Q3,66898500.0,30878250.0,36020250.0,0.5384313549631158,0.0,18349000.0,27983000.0,161250.0,0.0,76668750,397250.0,1790500.0,-7979750.0,-0.11928144876193039,-9770250.0,-0.14604587546805983,0.0,-2849500.0,-0.04259437805032998,1237000.0,-3800000.0,-0.05680246941261762,-0.012,-0.012,318677275,318677275,https://www1.hkexnews.hk/search/titlesearch.xhtml,https://www1.hkexnews.hk/search/titlesearch.xhtml,1620584591,14:23:11,20210509
13,2016-06-30,0205.HK,HKD,2016-06-30,2016-06-30,Q2,66898500.0,30878250.0,36020250.0,0.5384313549631158,0.0,18349000.0,27983000.0,161250.0,0.0,76668750,397250.0,1790500.0,-7979750.0,-0.11928144876193039,-9770250.0,-0.14604587546805983,0.0,-2849500.0,-0.04259437805032998,1237000.0,-3800000.0,-0.05680246941261762,-0.012,-0.012,318677275,318677275,https://www1.hkexnews.hk/search/titlesearch.xhtml,https://www1.hkexnews.hk/search/titlesearch.xhtml,1620584591,14:23:11,20210509
14,2016-03-31,0205.HK,HKD,2016-03-31,2016-03-31,Q1,66898500.0,30878250.0,36020250.0,0.5384313549631158,0.0,18349000.0,27983000.0,161250.0,0.0,76668750,397250.0,1790500.0,-7979750.0,-0.11928144876193039,-9770250.0,-0.14604587546805983,0.0,-2849500.0,-0.04259437805032998,1237000.0,-3800000.0,-0.05680246941261762,-0.012,-0.012,318677275,318677275,https://www1.hkexnews.hk/search/titlesearch.xhtml,https://www1.hkexnews.hk/search/titlesearch.xhtml,1620584591,14:23:11,20210509
15,2016-01-31,0205.HK,HKD,2016-01-31,2016-01-31,Q1,66898500.0,30878250.0,36020250.0,0.5384313549631158,0.0,18349000.0,27983000.0,161250.0,0.0,76668750,397250.0,1790500.0,-7979750.0,-0.11928144876193039,-9770250.0,-0.14604587546805983,0.0,-2849500.0,-0.04259437805032998,1237000.0,-3800000.0,-0.05680246941261762,-0.012,-0.012,318677275,318677275,https://www1.hkexnews.hk/search/titlesearch.xhtml,https://www1.hkexnews.hk/search/titlesearch.xhtml,1620584591,14:23:11,20210509
16,2015-09-30,0205.HK,HKD,2015-09-30,2015-09-30,Q3,71670750.0,34724250.0,36946500.0,0.5155031864463536,0.0,16357500.0,36506250.0,-337250.0,0.0,86502250,148750.0,2907000.0,-11924500.0,-0.166378892365435,-14831500.0,-0.20693937205903384,0.0,-50577250.0,-0.7056888619136816,48500.0,-50028250.0,-0.6980288332408967,-0.529,-0.529,94596599,94596599,https://www1.hkexnews.hk/search/titlesearch.xhtml,https://www1.hkexnews.hk/search/titlesearch.xhtml,1620584591,14:23:11,20210509
17,2015-06-30,0205.HK,HKD,2015-06-30,2015-06-30,Q2,71670750.0,34724250.0,36946500.0,0.5155031864463536,0.0,16357500.0,36506250.0,-337250.0,0.0,86502250,148750.0,2907000.0,-11924500.0,-0.166378892365435,-14831500.0,-0.20693937205903384,0.0,-50577250.0,-0.7056888619136816,48500.0,-50028250.0,-0.6980288332408967,-0.529,-0.529,94596599,94596599,https://www1.hkexnews.hk/search/titlesearch.xhtml,https://www1.hkexnews.hk/search/titlesearch.xhtml,1620584591,14:23:11,20210509
18,2015-03-31,0205.HK,HKD,2015-03-31,2015-03-31,Q1,71670750.0,34724250.0,36946500.0,0.5155031864463536,0.0,16357500.0,36506250.0,-337250.0,0.0,86502250,148750.0,2907000.0,-11924500.0,-0.166378892365435,-14831500.0,-0.20693937205903384,0.0,-50577250.0,-0.7056888619136816,48500.0,-50028250.0,-0.6980288332408967,-0.529,-0.529,94596599,94596599,https://www1.hkexnews.hk/search/titlesearch.xhtml,https://www1.hkexnews.hk/search/titlesearch.xhtml,1620584591,14:23:11,20210509
19,2015-01-31,0205.HK,HKD,2015-01-31,2015-01-31,Q1,71670750.0,34724250.0,36946500.0,0.5155031864463536,0.0,16357500.0,36506250.0,-337250.0,0.0,86502250,148750.0,2907000.0,-11924500.0,-0.166378892365435,-14831500.0,-0.20693937205903384,0.0,-50577250.0,-0.7056888619136816,48500.0,-50028250.0,-0.6980288332408967,-0.529,-0.529,94596599,94596599,https://www1.hkexnews.hk/search/titlesearch.xhtml,https://www1.hkexnews.hk/search/titlesearch.xhtml,1620584591,14:23:11,20210509
20,2014-09-30,0205.HK,HKD,2014-09-30,2014-09-30,Q3,110895500.0,53271000.0,57624500.0,0.5196288397635612,0.0,26572000.0,50814000.0,0.0,0.0,131726000,616000.0,4025500.0,-16805000.0,-0.1515390615489357,-20830500.0,-0.18783900158257097,0.0,-29685500.0,-0.26768895040826723,1211000.0,-30311500.0,-0.27333390444156885,-0.3475,-0.3475,87206320,87206320,https://www1.hkexnews.hk/search/titlesearch.xhtml,https://www1.hkexnews.hk/search/titlesearch.xhtml,1620584591,14:23:11,20210509
21,2014-06-30,0205.HK,HKD,2014-06-30,2014-06-30,Q2,110895500.0,53271000.0,57624500.0,0.5196288397635612,0.0,26572000.0,50814000.0,0.0,0.0,131726000,616000.0,4025500.0,-16805000.0,-0.1515390615489357,-20830500.0,-0.18783900158257097,0.0,-29685500.0,-0.26768895040826723,1211000.0,-30311500.0,-0.27333390444156885,-0.3475,-0.3475,87206320,87206320,https://www1.hkexnews.hk/search/titlesearch.xhtml,https://www1.hkexnews.hk/search/titlesearch.xhtml,1620584591,14:23:11,20210509
22,2014-03-31,0205.HK,HKD,2014-03-31,2014-03-31,Q1,110895500.0,53271000.0,57624500.0,0.5196288397635612,0.0,26572000.0,50814000.0,0.0,0.0,131726000,616000.0,4025500.0,-16805000.0,-0.1515390615489357,-20830500.0,-0.18783900158257097,0.0,-29685500.0,-0.26768895040826723,1211000.0,-30311500.0,-0.27333390444156885,-0.3475,-0.3475,87206320,87206320,https://www1.hkexnews.hk/search/titlesearch.xhtml,https://www1.hkexnews.hk/search/titlesearch.xhtml,1620584591,14:23:11,20210509
23,2014-01-31,0205.HK,HKD,2014-01-31,2014-01-31,Q1,110895500.0,53271000.0,57624500.0,0.5196288397635612,0.0,26572000.0,50814000.0,0.0,0.0,131726000,616000.0,4025500.0,-16805000.0,-0.1515390615489357,-20830500.0,-0.18783900158257097,0.0,-29685500.0,-0.26768895040826723,1211000.0,-30311500.0,-0.27333390444156885,-0.3475,-0.3475,87206320,87206320,https://www1.hkexnews.hk/search/titlesearch.xhtml,https://www1.hkexnews.hk/search/titlesearch.xhtml,1620584591,14:23:11,20210509
24,2013-09-30,0205.HK,HKD,2013-09-30,2013-09-30,Q3,123212750.0,51293750.0,71919000.0,0.5836977098555142,0.0,13895250.0,53037000.0,0.0,0.0,118610750,564000.0,4145000.0,8747000.0,0.07099102974326926,4602000.0,0.03735003073951357,0.0,6746750.0,0.054756914361541315,2669000.0,4340000.0,0.03522362742492153,0.0498975272648022,0.049877524245188716,86978258,87013140,https://www1.hkexnews.hk/search/titlesearch.xhtml,https://www1.hkexnews.hk/search/titlesearch.xhtml,1620584591,14:23:11,20210509
25,2013-06-30,0205.HK,HKD,2013-06-30,2013-06-30,Q2,123212750.0,51293750.0,71919000.0,0.5836977098555142,0.0,13895250.0,53037000.0,0.0,0.0,118610750,564000.0,4145000.0,8747000.0,0.07099102974326926,4602000.0,0.03735003073951357,0.0,6746750.0,0.054756914361541315,2669000.0,4340000.0,0.03522362742492153,0.0498975272648022,0.049877524245188716,86978258,87013140,https://www1.hkexnews.hk/search/titlesearch.xhtml,https://www1.hkexnews.hk/search/titlesearch.xhtml,1620584591,14:23:11,20210509
26,2013-03-31,0205.HK,HKD,2013-03-31,2013-03-31,Q1,123212750.0,51293750.0,71919000.0,0.5836977098555142,0.0,13895250.0,53037000.0,0.0,0.0,118610750,564000.0,4145000.0,8747000.0,0.07099102974326926,4602000.0,0.03735003073951357,0.0,6746750.0,0.054756914361541315,2669000.0,4340000.0,0.03522362742492153,0.0498975272648022,0.049877524245188716,86978258,87013140,https://www1.hkexnews.hk/search/titlesearch.xhtml,https://www1.hkexnews.hk/search/titlesearch.xhtml,1620584591,14:23:11,20210509
27,2013-01-31,0205.HK,HKD,2013-01-31,2013-01-31,Q1,123212750.0,51293750.0,71919000.0,0.5836977098555142,0.0,13895250.0,53037000.0,0.0,0.0,118610750,564000.0,4145000.0,8747000.0,0.07099102974326926,4602000.0,0.03735003073951357,0.0,6746750.0,0.054756914361541315,2669000.0,4340000.0,0.03522362742492153,0.0498975272648022,0.049877524245188716,86978258,87013140,https://www1.hkexnews.hk/search/titlesearch.xhtml,https://www1.hkexnews.hk/search/titlesearch.xhtml,1620584591,14:23:11,20210509
28,2012-09-30,0205.HK,HKD,2012-09-30,2012-09-30,Q3,129155750.0,49441250.0,79714500.0,0.6171966792032101,0.0,16009000.0,51392500.0,0.0,0.0,116357500,580250.0,4204000.0,17002250.0,0.13164144840628467,12798250.0,0.09909160064495774,0.0,12590250.0,0.09748114195457809,4808750.0,8055750.0,0.062372368245316216,0.09261797356300237,0.09257800180040841,86978258,87015812,https://www1.hkexnews.hk/search/titlesearch.xhtml,https://www1.hkexnews.hk/search/titlesearch.xhtml,1620584591,14:23:11,20210509
29,2012-06-30,0205.HK,HKD,2012-06-30,2012-06-30,Q2,129155750.0,49441250.0,79714500.0,0.6171966792032101,0.0,16009000.0,51392500.0,0.0,0.0,116357500,580250.0,4204000.0,17002250.0,0.13164144840628467,12798250.0,0.09909160064495774,0.0,12590250.0,0.09748114195457809,4808750.0,8055750.0,0.062372368245316216,0.09261797356300237,0.09257800180040841,86978258,87015812,https://www1.hkexnews.hk/search/titlesearch.xhtml,https://www1.hkexnews.hk/search/titlesearch.xhtml,1620584591,14:23:11,20210509
30,2012-03-31,0205.HK,HKD,2012-03-31,2012-03-31,Q1,129155750.0,49441250.0,79714500.0,0.6171966792032101,0.0,16009000.0,51392500.0,0.0,0.0,116357500,580250.0,4204000.0,17002250.0,0.13164144840628467,12798250.0,0.09909160064495774,0.0,12590250.0,0.09748114195457809,4808750.0,8055750.0,0.062372368245316216,0.09261797356300237,0.09257800180040841,86978258,87015812,https://www1.hkexnews.hk/search/titlesearch.xhtml,https://www1.hkexnews.hk/search/titlesearch.xhtml,1620584591,14:23:11,20210509
31,2012-01-31,0205.HK,HKD,2012-01-31,2012-01-31,Q1,129155750.0,49441250.0,79714500.0,0.6171966792032101,0.0,16009000.0,51392500.0,0.0,0.0,116357500,580250.0,4204000.0,17002250.0,0.13164144840628467,12798250.0,0.09909160064495774,0.0,12590250.0,0.09748114195457809,4808750.0,8055750.0,0.062372368245316216,0.09261797356300237,0.09257800180040841,86978258,87015812,https://www1.hkexnews.hk/search/titlesearch.xhtml,https://www1.hkexnews.hk/search/titlesearch.xhtml,1620584591,14:23:11,20210509
32,2011-09-30,0205.HK,HKD,2011-09-30,2011-09-30,Q3,120631500.0,40325500.0,80306000.0,0.6657133501614421,0.0,12654750.0,56904500.0,1014250.0,0.0,109884750,768000.0,4481750.0,15228500.0,0.12623982956358828,10746750.0,0.08908742741323783,0.0,10993000.0,0.09112876819072963,2619000.0,8745500.0,0.07249764779514471,0.10054811628901558,0.10037118689195337,86978258,87131579,https://www1.hkexnews.hk/search/titlesearch.xhtml,https://www1.hkexnews.hk/search/titlesearch.xhtml,1620584591,14:23:11,20210509
33,2011-06-30,0205.HK,HKD,2011-06-30,2011-06-30,Q2,120631500.0,40325500.0,80306000.0,0.6657133501614421,0.0,12654750.0,56904500.0,1014250.0,0.0,109884750,768000.0,4481750.0,15228500.0,0.12623982956358828,10746750.0,0.08908742741323783,0.0,10993000.0,0.09112876819072963,2619000.0,8745500.0,0.07249764779514471,0.10054811628901558,0.10037118689195337,86978258,87131579,https://www1.hkexnews.hk/search/titlesearch.xhtml,https://www1.hkexnews.hk/search/titlesearch.xhtml,1620584591,14:23:11,20210509
34,2011-03-31,0205.HK,HKD,2011-03-31,2011-03-31,Q1,120631500.0,40325500.0,80306000.0,0.6657133501614421,0.0,12654750.0,56904500.0,1014250.0,0.0,109884750,768000.0,4481750.0,15228500.0,0.12623982956358828,10746750.0,0.08908742741323783,0.0,10993000.0,0.09112876819072963,2619000.0,8745500.0,0.07249764779514471,0.10054811628901558,0.10037118689195337,86978258,87131579,https://www1.hkexnews.hk/search/titlesearch.xhtml,https://www1.hkexnews.hk/search/titlesearch.xhtml,1620584591,14:23:11,20210509
35,2011-01-31,0205.HK,HKD,2011-01-31,2011-01-31,Q1,120631500.0,40325500.0,80306000.0,0.6657133501614421,0.0,12654750.0,56904500.0,1014250.0,0.0,109884750,768000.0,4481750.0,15228500.0,0.12623982956358828,10746750.0,0.08908742741323783,0.0,10993000.0,0.09112876819072963,2619000.0,8745500.0,0.07249764779514471,0.10054811628901558,0.10037118689195337,86978258,87131579,https://www1.hkexnews.hk/search/titlesearch.xhtml,https://www1.hkexnews.hk/search/titlesearch.xhtml,1620584591,14:23:11,20210509
36,2010-09-30,0205.HK,HKD,2010-09-30,2010-09-30,Q3,88101000.0,30173750.0,57927250.0,0.657509562888049,0.0,8926500.0,42759750.0,0.0,0.0,79685500,1773500.0,4463500.0,12879000.0,0.1461844927980386,8415500.0,0.09552104970431664,0.0,3783000.0,0.04293935369632581,1993000.0,1800250.0,0.020433933780547326,0.0205,0.0165,86978258,96668903,https://www1.hkexnews.hk/search/titlesearch.xhtml,https://www1.hkexnews.hk/search/titlesearch.xhtml,1620584591,14:23:11,20210509
37,2010-06-30,0205.HK,HKD,2010-06-30,2010-06-30,Q2,88101000.0,30173750.0,57927250.0,0.657509562888049,0.0,8926500.0,42759750.0,0.0,0.0,79685500,1773500.0,4463500.0,12879000.0,0.1461844927980386,8415500.0,0.09552104970431664,0.0,3783000.0,0.04293935369632581,1993000.0,1800250.0,0.020433933780547326,0.0205,0.0165,86978258,96668903,https://www1.hkexnews.hk/search/titlesearch.xhtml,https://www1.hkexnews.hk/search/titlesearch.xhtml,1620584591,14:23:11,20210509
38,2010-03-31,0205.HK,HKD,2010-03-31,2010-03-31,Q1,88101000.0,30173750.0,57927250.0,0.657509562888049,0.0,8926500.0,42759750.0,0.0,0.0,79685500,1773500.0,4463500.0,12879000.0,0.1461844927980386,8415500.0,0.09552104970431664,0.0,3783000.0,0.04293935369632581,1993000.0,1800250.0,0.020433933780547326,0.0205,0.0165,86978258,96668903,https://www1.hkexnews.hk/search/titlesearch.xhtml,https://www1.hkexnews.hk/search/titlesearch.xhtml,1620584591,14:23:11,20210509
39,2010-01-31,0205.HK,HKD,2010-01-31,2010-01-31,Q1,88101000.0,30173750.0,57927250.0,0.657509562888049,0.0,8926500.0,42759750.0,0.0,0.0,79685500,1773500.0,4463500.0,12879000.0,0.1461844927980386,8415500.0,0.09552104970431664,0.0,3783000.0,0.04293935369632581,1993000.0,1800250.0,0.020433933780547326,0.0205,0.0165,86978258,96668903,https://www1.hkexnews.hk/search/titlesearch.xhtml,https://www1.hkexnews.hk/search/titlesearch.xhtml,1620584591,14:23:11,20210509
40,2009-09-30,0205.HK,HKD,2009-09-30,2009-09-30,Q3,68825000.0,25202250.0,43622750.0,0.63382128586996,0.0,9067500.0,36768250.0,0.0,0.0,73866250,2039500.0,4638500.0,-402750.0,-0.0058517980385034505,-5041250.0,-0.07324736650926263,0.0,-11520000.0,-0.1673810388666909,0.0,-11520000.0,-0.1673810388666909,-0.1325,-0.1325,86978258,86978258,https://www1.hkexnews.hk/search/titlesearch.xhtml,https://www1.hkexnews.hk/search/titlesearch.xhtml,1620584591,14:23:11,20210509
41,2009-06-30,0205.HK,HKD,2009-06-30,2009-06-30,Q2,68825000.0,25202250.0,43622750.0,0.63382128586996,0.0,9067500.0,36768250.0,0.0,0.0,73866250,2039500.0,4638500.0,-402750.0,-0.0058517980385034505,-5041250.0,-0.07324736650926263,0.0,-11520000.0,-0.1673810388666909,0.0,-11520000.0,-0.1673810388666909,-0.1325,-0.1325,86978258,86978258,https://www1.hkexnews.hk/search/titlesearch.xhtml,https://www1.hkexnews.hk/search/titlesearch.xhtml,1620584591,14:23:11,20210509
42,2009-03-31,0205.HK,HKD,2009-03-31,2009-03-31,Q1,68825000.0,25202250.0,43622750.0,0.63382128586996,0.0,9067500.0,36768250.0,0.0,0.0,73866250,2039500.0,4638500.0,-402750.0,-0.0058517980385034505,-5041250.0,-0.07324736650926263,0.0,-11520000.0,-0.1673810388666909,0.0,-11520000.0,-0.1673810388666909,-0.1325,-0.1325,86978258,86978258,https://www1.hkexnews.hk/search/titlesearch.xhtml,https://www1.hkexnews.hk/search/titlesearch.xhtml,1620584591,14:23:11,20210509
43,2009-01-31,0205.HK,HKD,2009-01-31,2009-01-31,Q1,68825000.0,25202250.0,43622750.0,0.63382128586996,0.0,9067500.0,36768250.0,0.0,0.0,73866250,2039500.0,4638500.0,-402750.0,-0.0058517980385034505,-5041250.0,-0.07324736650926263,0.0,-11520000.0,-0.1673810388666909,0.0,-11520000.0,-0.1673810388666909,-0.1325,-0.1325,86978258,86978258,https://www1.hkexnews.hk/search/titlesearch.xhtml,https://www1.hkexnews.hk/search/titlesearch.xhtml,1620584591,14:23:11,20210509
44,2008-09-30,0205.HK,HKD,2008-09-30,2008-09-30,Q3,76794000.0,29798750.0,46995250.0,0.6119651274839181,0.0,6728500.0,44860500.0,0.0,0.0,75349500,3028750.0,3720000.0,5164500.0,0.06725134776154387,1444500.0,0.018810063286194233,0.0,-1763750.0,-0.022967289111128473,1824750.0,-3588500.0,-0.046728911112847354,-0.0415,-0.0415,86664865,86664865,https://www1.hkexnews.hk/search/titlesearch.xhtml,https://www1.hkexnews.hk/search/titlesearch.xhtml,1620584591,14:23:11,20210509
45,2008-06-30,0205.HK,HKD,2008-06-30,2008-06-30,Q2,76794000.0,29798750.0,46995250.0,0.6119651274839181,0.0,6728500.0,44860500.0,0.0,0.0,75349500,3028750.0,3720000.0,5164500.0,0.06725134776154387,1444500.0,0.018810063286194233,0.0,-1763750.0,-0.022967289111128473,1824750.0,-3588500.0,-0.046728911112847354,-0.0415,-0.0415,86664865,86664865,https://www1.hkexnews.hk/search/titlesearch.xhtml,https://www1.hkexnews.hk/search/titlesearch.xhtml,1620584591,14:23:11,20210509
46,2008-03-31,0205.HK,HKD,2008-03-31,2008-03-31,Q1,76794000.0,29798750.0,46995250.0,0.6119651274839181,0.0,6728500.0,44860500.0,0.0,0.0,75349500,3028750.0,3720000.0,5164500.0,0.06725134776154387,1444500.0,0.018810063286194233,0.0,-1763750.0,-0.022967289111128473,1824750.0,-3588500.0,-0.046728911112847354,-0.0415,-0.0415,86664865,86664865,https://www1.hkexnews.hk/search/titlesearch.xhtml,https://www1.hkexnews.hk/search/titlesearch.xhtml,1620584591,14:23:11,20210509
47,2008-01-31,0205.HK,HKD,2008-01-31,2008-01-31,Q1,76794000.0,29798750.0,46995250.0,0.6119651274839181,0.0,6728500.0,44860500.0,0.0,0.0,75349500,3028750.0,3720000.0,5164500.0,0.06725134776154387,1444500.0,0.018810063286194233,0.0,-1763750.0,-0.022967289111128473,1824750.0,-3588500.0,-0.046728911112847354,-0.0415,-0.0415,86664865,86664865,https://www1.hkexnews.hk/search/titlesearch.xhtml,https://www1.hkexnews.hk/search/titlesearch.xhtml,1620584591,14:23:11,20210509
48,2007-09-30,0205.HK,HKD,2007-09-30,2007-09-30,Q3,46622750.0,17627750.0,28995000.0,0.6219066871859769,0.0,5696000.0,17851750.0,0.0,0.0,41175500,0.0,321000.0,5768250.0,0.12372178818280775,5447250.0,0.1168367374296883,0.0,3915500.0,0.08398260505868915,2380250.0,1535250.0,0.032929203017840004,0.02,0.0195,76762500,78730769,https://www1.hkexnews.hk/search/titlesearch.xhtml,https://www1.hkexnews.hk/search/titlesearch.xhtml,1620584591,14:23:11,20210509
49,2007-06-30,0205.HK,HKD,2007-06-30,2007-06-30,Q2,46622750.0,17627750.0,28995000.0,0.6219066871859769,0.0,5696000.0,17851750.0,0.0,0.0,41175500,0.0,321000.0,5768250.0,0.12372178818280775,5447250.0,0.1168367374296883,0.0,3915500.0,0.08398260505868915,2380250.0,1535250.0,0.032929203017840004,0.02,0.0195,76762500,78730769,https://www1.hkexnews.hk/search/titlesearch.xhtml,https://www1.hkexnews.hk/search/titlesearch.xhtml,1620584591,14:23:11,20210509
50,2007-03-31,0205.HK,HKD,2007-03-31,2007-03-31,Q1,46622750.0,17627750.0,28995000.0,0.6219066871859769,0.0,5696000.0,17851750.0,0.0,0.0,41175500,0.0,321000.0,5768250.0,0.12372178818280775,5447250.0,0.1168367374296883,0.0,3915500.0,0.08398260505868915,2380250.0,1535250.0,0.032929203017840004,0.02,0.0195,76762500,78730769,https://www1.hkexnews.hk/search/titlesearch.xhtml,https://www1.hkexnews.hk/search/titlesearch.xhtml,1620584591,14:23:11,20210509
51,2007-01-31,0205.HK,HKD,2007-01-31,2007-01-31,Q1,46622750.0,17627750.0,28995000.0,0.6219066871859769,0.0,5696000.0,17851750.0,0.0,0.0,41175500,0.0,321000.0,5768250.0,0.12372178818280775,5447250.0,0.1168367374296883,0.0,3915500.0,0.08398260505868915,2380250.0,1535250.0,0.032929203017840004,0.02,0.0195,76762500,78730769,https://www1.hkexnews.hk/search/titlesearch.xhtml,https://www1.hkexnews.hk/search/titlesearch.xhtml,1620584591,14:23:11,20210509
52,2006-09-30,0205.HK,HKD,2006-09-30,2006-09-30,Q3,24774500.0,6453250.0,18321250.0,0.7395204746816283,0.0,6854250.0,10775750.0,0.0,0.0,24083250,0.0,171750.0,863000.0,0.03483420452481382,691250.0,0.027901673091283375,0.0,-5013750.0,-0.20237542634563765,1566500.0,-6580250.0,-0.2656057639912006,-0.0935,-0.0935,77542781,77542781,https://www1.hkexnews.hk/search/titlesearch.xhtml,https://www1.hkexnews.hk/search/titlesearch.xhtml,1620584591,14:23:11,20210509
53,2006-06-30,0205.HK,HKD,2006-06-30,2006-06-30,Q2,24774500.0,6453250.0,18321250.0,0.7395204746816283,0.0,6854250.0,10775750.0,0.0,0.0,24083250,0.0,171750.0,863000.0,0.03483420452481382,691250.0,0.027901673091283375,0.0,-5013750.0,-0.20237542634563765,1566500.0,-6580250.0,-0.2656057639912006,-0.0935,-0.0935,77542781,77542781,https://www1.hkexnews.hk/search/titlesearch.xhtml,https://www1.hkexnews.hk/search/titlesearch.xhtml,1620584591,14:23:11,20210509
54,2006-03-31,0205.HK,HKD,2006-03-31,2006-03-31,Q1,24774500.0,6453250.0,18321250.0,0.7395204746816283,0.0,6854250.0,10775750.0,0.0,0.0,24083250,0.0,171750.0,863000.0,0.03483420452481382,691250.0,0.027901673091283375,0.0,-5013750.0,-0.20237542634563765,1566500.0,-6580250.0,-0.2656057639912006,-0.0935,-0.0935,77542781,77542781,https://www1.hkexnews.hk/search/titlesearch.xhtml,https://www1.hkexnews.hk/search/titlesearch.xhtml,1620584591,14:23:11,20210509
55,2006-01-31,0205.HK,HKD,2006-01-31,2006-01-31,Q1,24774500.0,6453250.0,18321250.0,0.7395204746816283,0.0,6854250.0,10775750.0,0.0,0.0,24083250,0.0,171750.0,863000.0,0.03483420452481382,691250.0,0.027901673091283375,0.0,-5013750.0,-0.20237542634563765,1566500.0,-6580250.0,-0.2656057639912006,-0.0935,-0.0935,77542781,77542781,https://www1.hkexnews.hk/search/titlesearch.xhtml,https://www1.hkexnews.hk/search/titlesearch.xhtml,1620584591,14:23:11,20210509
56,2005-09-30,0205.HK,HKD,2005-09-30,2005-09-30,Q3,25365750.0,5834000.0,19531750.0,0.7700048293466584,0.0,2761000.0,5394250.0,0.0,0.0,14032250,0.0,606500.0,11940000.0,0.4707134620502055,11333500.0,0.4468032681864325,0.0,12447500.0,0.4907207553492406,2570750.0,9876750.0,0.38937346618964547,0.0985,0.098,77576142,77971939,https://www1.hkexnews.hk/search/titlesearch.xhtml,https://www1.hkexnews.hk/search/titlesearch.xhtml,1620584591,14:23:11,20210509
57,2005-06-30,0205.HK,HKD,2005-06-30,2005-06-30,Q2,25365750.0,5834000.0,19531750.0,0.7700048293466584,0.0,2761000.0,5394250.0,0.0,0.0,14032250,0.0,606500.0,11940000.0,0.4707134620502055,11333500.0,0.4468032681864325,0.0,12447500.0,0.4907207553492406,2570750.0,9876750.0,0.38937346618964547,0.0985,0.098,77576142,77971939,https://www1.hkexnews.hk/search/titlesearch.xhtml,https://www1.hkexnews.hk/search/titlesearch.xhtml,1620584591,14:23:11,20210509
58,2005-03-31,0205.HK,HKD,2005-03-31,2005-03-31,Q1,25365750.0,5834000.0,19531750.0,0.7700048293466584,0.0,2761000.0,5394250.0,0.0,0.0,14032250,0.0,606500.0,11940000.0,0.4707134620502055,11333500.0,0.4468032681864325,0.0,12447500.0,0.4907207553492406,2570750.0,9876750.0,0.38937346618964547,0.0985,0.098,77576142,77971939,https://www1.hkexnews.hk/search/titlesearch.xhtml,https://www1.hkexnews.hk/search/titlesearch.xhtml,1620584591,14:23:11,20210509
59,2005-01-31,0205.HK,HKD,2005-01-31,2005-01-31,Q1,25365750.0,5834000.0,19531750.0,0.7700048293466584,0.0,2761000.0,5394250.0,0.0,0.0,14032250,0.0,606500.0,11940000.0,0.4707134620502055,11333500.0,0.4468032681864325,0.0,12447500.0,0.4907207553492406,2570750.0,9876750.0,0.38937346618964547,0.0985,0.098,77576142,77971939,https://www1.hkexnews.hk/search/titlesearch.xhtml,https://www1.hkexnews.hk/search/titlesearch.xhtml,1620584591,14:23:11,20210509
60,2004-09-30,0205.HK,HKD,2004-09-30,2004-09-30,Q3,19246750.0,3359750.0,15887000.0,0.8254380609713329,0.0,2104500.0,5104000.0,0.0,0.0,11951750,0.0,1696500.0,8991500.0,0.46716978191123176,7295000.0,0.37902503019990386,0.0,16493500.0,0.8569498746541624,2233500.0,13276250.0,0.6897917830283035,0.1715,0.1695,77412536,78325959,https://www1.hkexnews.hk/search/titlesearch.xhtml,https://www1.hkexnews.hk/search/titlesearch.xhtml,1620584591,14:23:11,20210509
61,2004-06-30,0205.HK,HKD,2004-06-30,2004-06-30,Q2,19246750.0,3359750.0,15887000.0,0.8254380609713329,0.0,2104500.0,5104000.0,0.0,0.0,11951750,0.0,1696500.0,8991500.0,0.46716978191123176,7295000.0,0.37902503019990386,0.0,16493500.0,0.8569498746541624,2233500.0,13276250.0,0.6897917830283035,0.1715,0.1695,77412536,78325959,https://www1.hkexnews.hk/search/titlesearch.xhtml,https://www1.hkexnews.hk/search/titlesearch.xhtml,1620584591,14:23:11,20210509
62,2004-03-31,0205.HK,HKD,2004-03-31,2004-03-31,Q1,19246750.0,3359750.0,15887000.0,0.8254380609713329,0.0,2104500.0,5104000.0,0.0,0.0,11951750,0.0,1696500.0,8991500.0,0.46716978191123176,7295000.0,0.37902503019990386,0.0,16493500.0,0.8569498746541624,2233500.0,13276250.0,0.6897917830283035,0.1715,0.1695,77412536,78325959,https://www1.hkexnews.hk/search/titlesearch.xhtml,https://www1.hkexnews.hk/search/titlesearch.xhtml,1620584591,14:23:11,20210509
63,2004-01-31,0205.HK,HKD,2004-01-31,2004-01-31,Q1,19246750.0,3359750.0,15887000.0,0.8254380609713329,0.0,2104500.0,5104000.0,0.0,0.0,11951750,0.0,1696500.0,8991500.0,0.46716978191123176,7295000.0,0.37902503019990386,0.0,16493500.0,0.8569498746541624,2233500.0,13276250.0,0.6897917830283035,0.1715,0.1695,77412536,78325959,https://www1.hkexnews.hk/search/titlesearch.xhtml,https://www1.hkexnews.hk/search/titlesearch.xhtml,1620584591,14:23:11,20210509
64,2003-09-30,0205.HK,HKD,2003-09-30,2003-09-30,Q3,28097500.0,10815250.0,17282250.0,0.6150814129370941,0.0,4250500.0,5160750.0,0.0,0.0,20859250,0.0,1122750.0,8361000.0,0.29757095827030877,7238250.0,0.2576118871785746,0.0,10690250.0,0.38046979268618203,1406750.0,7064750.0,0.2514369605836818,0.0985,0.098,71723350,72089286,https://www1.hkexnews.hk/search/titlesearch.xhtml,https://www1.hkexnews.hk/search/titlesearch.xhtml,1620584591,14:23:11,20210509
65,2003-06-30,0205.HK,HKD,2003-06-30,2003-06-30,Q2,28097500.0,10815250.0,17282250.0,0.6150814129370941,0.0,4250500.0,5160750.0,0.0,0.0,20859250,0.0,1122750.0,8361000.0,0.29757095827030877,7238250.0,0.2576118871785746,0.0,10690250.0,0.38046979268618203,1406750.0,7064750.0,0.2514369605836818,0.0985,0.098,71723350,72089286,https://www1.hkexnews.hk/search/titlesearch.xhtml,https://www1.hkexnews.hk/search/titlesearch.xhtml,1620584591,14:23:11,20210509
66,2003-03-31,0205.HK,HKD,2003-03-31,2003-03-31,Q1,28097500.0,10815250.0,17282250.0,0.6150814129370941,0.0,4250500.0,5160750.0,0.0,0.0,20859250,0.0,1122750.0,8361000.0,0.29757095827030877,7238250.0,0.2576118871785746,0.0,10690250.0,0.38046979268618203,1406750.0,7064750.0,0.2514369605836818,0.0985,0.098,71723350,72089286,https://www1.hkexnews.hk/search/titlesearch.xhtml,https://www1.hkexnews.hk/search/titlesearch.xhtml,1620584591,14:23:11,20210509
67,2003-01-31,0205.HK,HKD,2003-01-31,2003-01-31,Q1,28097500.0,10815250.0,17282250.0,0.6150814129370941,0.0,4250500.0,5160750.0,0.0,0.0,20859250,0.0,1122750.0,8361000.0,0.29757095827030877,7238250.0,0.2576118871785746,0.0,10690250.0,0.38046979268618203,1406750.0,7064750.0,0.2514369605836818,0.0985,0.098,71723350,72089286,https://www1.hkexnews.hk/search/titlesearch.xhtml,https://www1.hkexnews.hk/search/titlesearch.xhtml,1620584591,14:23:11,20210509
68,2002-09-30,0205.HK,HKD,2002-09-30,2002-09-30,Q3,19499898.0,12167212.0,7332686.0,0.3760371464507148,0.0,5528091.0,1354900.25,0.0,0.0,18909568,0.0,875985.75,1466315.75,0.07519607282048348,590330.0,0.030273491686982158,0.0,749898.0,0.03845650884943091,199529.75,329257.5,0.016885088322000454,0.0065,0.0065,50655000,50655000,https://www1.hkexnews.hk/search/titlesearch.xhtml,https://www1.hkexnews.hk/search/titlesearch.xhtml,1620584591,14:23:11,20210509
69,2002-06-30,0205.HK,HKD,2002-06-30,2002-06-30,Q2,19499898.0,12167212.0,7332686.0,0.3760371464507148,0.0,5528091.0,1354900.25,0.0,0.0,18909568,0.0,875985.75,1466315.75,0.07519607282048348,590330.0,0.030273491686982158,0.0,749898.0,0.03845650884943091,199529.75,329257.5,0.016885088322000454,0.0065,0.0065,50655000,50655000,https://www1.hkexnews.hk/search/titlesearch.xhtml,https://www1.hkexnews.hk/search/titlesearch.xhtml,1620584591,14:23:11,20210509
70,2002-03-31,0205.HK,HKD,2002-03-31,2002-03-31,Q1,19499898.0,12167212.0,7332686.0,0.3760371464507148,0.0,5528091.0,1354900.25,0.0,0.0,18909568,0.0,875985.75,1466315.75,0.07519607282048348,590330.0,0.030273491686982158,0.0,749898.0,0.03845650884943091,199529.75,329257.5,0.016885088322000454,0.0065,0.0065,50655000,50655000,https://www1.hkexnews.hk/search/titlesearch.xhtml,https://www1.hkexnews.hk/search/titlesearch.xhtml,1620584591,14:23:11,20210509
71,2002-01-31,0205.HK,HKD,2002-01-31,2002-01-31,Q1,19499898.0,12167212.0,7332686.0,0.3760371464507148,0.0,5528091.0,1354900.25,0.0,0.0,18909568,0.0,875985.75,1466315.75,0.07519607282048348,590330.0,0.030273491686982158,0.0,749898.0,0.03845650884943091,199529.75,329257.5,0.016885088322000454,0.0065,0.0065,50655000,50655000,https://www1.hkexnews.hk/search/titlesearch.xhtml,https://www1.hkexnews.hk/search/titlesearch.xhtml,1620584591,14:23:11,20210509
72,2001-09-30,0205.HK,HKD,2001-09-30,2001-09-30,Q3,21353350.5,21269336.25,84014.25,0.003934476231259352,0.0,7174410.5,916473.0,0.0,0.0,29653332,0.0,1338538.75,-6961442.75,-0.32601173057127497,-8299981.5,-0.38869691667356837,0.0,-18297238.0,-0.8568790176511175,-675865.5,-17621372.5,-0.8252275210862108,-0.3655,-0.3655,48211689,48211689,https://www1.hkexnews.hk/search/titlesearch.xhtml,https://www1.hkexnews.hk/search/titlesearch.xhtml,1620584591,14:23:11,20210509
73,2001-06-30,0205.HK,HKD,2001-06-30,2001-06-30,Q2,21353350.5,21269336.25,84014.25,0.003934476231259352,0.0,7174410.5,916473.0,0.0,0.0,29653332,0.0,1338538.75,-6961442.75,-0.32601173057127497,-8299981.5,-0.38869691667356837,0.0,-18297238.0,-0.8568790176511175,-675865.5,-17621372.5,-0.8252275210862108,-0.3655,-0.3655,48211689,48211689,https://www1.hkexnews.hk/search/titlesearch.xhtml,https://www1.hkexnews.hk/search/titlesearch.xhtml,1620584591,14:23:11,20210509
74,2001-03-31,0205.HK,HKD,2001-03-31,2001-03-31,Q1,21353350.5,21269336.25,84014.25,0.003934476231259352,0.0,7174410.5,916473.0,0.0,0.0,29653332,0.0,1338538.75,-6961442.75,-0.32601173057127497,-8299981.5,-0.38869691667356837,0.0,-18297238.0,-0.8568790176511175,-675865.5,-17621372.5,-0.8252275210862108,-0.3655,-0.3655,48211689,48211689,https://www1.hkexnews.hk/search/titlesearch.xhtml,https://www1.hkexnews.hk/search/titlesearch.xhtml,1620584591,14:23:11,20210509
75,2001-01-31,0205.HK,HKD,2001-01-31,2001-01-31,Q1,21353350.5,21269336.25,84014.25,0.003934476231259352,0.0,7174410.5,916473.0,0.0,0.0,29653332,0.0,1338538.75,-6961442.75,-0.32601173057127497,-8299981.5,-0.38869691667356837,0.0,-18297238.0,-0.8568790176511175,-675865.5,-17621372.5,-0.8252275210862108,-0.3655,-0.3655,48211689,48211689,https://www1.hkexnews.hk/search/titlesearch.xhtml,https://www1.hkexnews.hk/search/titlesearch.xhtml,1620584591,14:23:11,20210509
