,date,symbol,reportedCurrency,fillingDate,acceptedDate,period,revenue,costOfRevenue,grossProfit,grossProfitRatio,researchAndDevelopmentExpenses,generalAndAdministrativeExpenses,sellingAndMarketingExpenses,otherExpenses,operatingExpenses,costAndExpenses,interestExpense,depreciationAndAmortization,ebitda,ebitdaratio,operatingIncome,operatingIncomeRatio,totalOtherIncomeExpensesNet,incomeBeforeTax,incomeBeforeTaxRatio,incomeTaxExpense,netIncome,netIncomeRatio,eps,epsdiluted,weightedAverageShsOut,weightedAverageShsOutDil,link,finalLink,timestamp,est_time,est_date
0,2021-03-31,GEC.DE,USD,2021-03-31,2021-03-31,Q1,17119000000,12538000000.0,4581000000.0,0.2675974063905602,561000000.0,3446000000.0,0.0,-295000000.0,4007000000.0,16545000000.0,500000000.0,753000000.0,1327000000,0.07751621005899878,574000000,0.013902681231380337,-276000000.0,238000000.0,0.013902681231380337,142000000.0,-2802000000.0,-0.1636777849173433,-0.33,-0.33,8772000000,8807000000,https://www.bundesanzeiger.de/pub/de/suche;wwwsid=627BFD7A56A5CB624C47FDDEAB2FC509.web07-pub?0,https://www.bundesanzeiger.de/pub/de/suche;wwwsid=627BFD7A56A5CB624C47FDDEAB2FC509.web07-pub?0,1620592461,16:34:21,20210509
1,2020-12-31,GEC.DE,USD,2020-12-31,2020-12-31,Q4,21928000000,16296000000.0,5632000000.0,0.2568405691353521,635000000.0,3823000000.0,0.0,2284000000.0,4458000000.0,20754000000.0,737000000.0,1287000000.0,2461000000,0.11223093761400948,1174000000,0.0535388544326888,2284000000.0,2721000000.0,0.1240879241152864,162000000.0,2636000000.0,0.12021160160525356,0.28,0.27,8762000000,8779000000,,,1620592461,16:34:21,20210509
2,2020-09-30,GEC.DE,USD,2020-09-30,2020-09-30,Q3,19417000000,15275000000.0,4142000000.0,0.21331822629654426,0.0,3851000000.0,0.0,-567000000.0,3851000000.0,19126000000.0,1327000000.0,1802000000.0,2093000000,0.10779214090745223,291000000,0.014986867178245867,-624000000.0,-1660000000.0,-0.08549209455631664,-501000000.0,-1144000000.0,-0.058917443477365196,-0.14,-0.14,8756000000,8756000000,https://www.bundesanzeiger.de/pub/de/suche;wwwsid=627BFD7A56A5CB624C47FDDEAB2FC509.web07-pub?0,https://www.bundesanzeiger.de/pub/de/suche;wwwsid=627BFD7A56A5CB624C47FDDEAB2FC509.web07-pub?0,1620592461,16:34:21,20210509
3,2020-06-30,GEC.DE,USD,2020-06-30,2020-06-30,Q2,17750000000,15083000000.0,2667000000.0,0.15025352112676058,0.0,3643000000.0,0.0,-686000000.0,3643000000.0,18726000000.0,997000000.0,1598000000.0,622000000,0.03504225352112676,-976000000,-0.05498591549295775,-2320000000.0,-2339000000.0,-0.13177464788732393,-199000000.0,-1987000000.0,-0.11194366197183099,-0.26,-0.26,8750000000,8750000000,https://www.bundesanzeiger.de/pub/de/suche;wwwsid=627BFD7A56A5CB624C47FDDEAB2FC509.web07-pub?0,https://www.bundesanzeiger.de/pub/de/suche;wwwsid=627BFD7A56A5CB624C47FDDEAB2FC509.web07-pub?0,1620592461,16:34:21,20210509
4,2020-03-31,GEC.DE,USD,2020-03-31,2020-03-31,Q1,20523000000,15696000000.0,4827000000.0,0.2351995322321298,0.0,3701000000.0,0.0,6141000000.0,3701000000.0,19397000000.0,794000000.0,1331000000.0,2457000000,0.11971933927788335,1126000000,0.05486527310822004,6141000000.0,6475000000.0,0.3154996832821712,63000000.0,6199000000.0,0.30205135701408176,0.7091054678563258,0.7085381186421306,8742000000,8749000000,https://www.bundesanzeiger.de/pub/de/suche;wwwsid=627BFD7A56A5CB624C47FDDEAB2FC509.web07-pub?0,https://www.bundesanzeiger.de/pub/de/suche;wwwsid=627BFD7A56A5CB624C47FDDEAB2FC509.web07-pub?0,1620592461,16:34:21,20210509
5,2019-12-31,GEC.DE,USD,2019-12-31,2019-12-31,Q4,26238000000,21612000000.0,4626000000.0,0.17630916990624285,0.0,4411000000.0,0.0,-1648000000.0,4411000000.0,26023000000.0,-1577000000.0,1406000000.0,1621000000,0.06178062352313438,215000000,0.008194222120588459,-1441000000.0,1571000000.0,0.05987499047183474,727000000.0,728000000.0,0.027746017226922784,0.08333333333333333,0.08327613818348203,8736000000,8742000000,https://www.bundesanzeiger.de/pub/de/suche;wwwsid=627BFD7A56A5CB624C47FDDEAB2FC509.web07-pub?0,https://www.bundesanzeiger.de/pub/de/suche;wwwsid=627BFD7A56A5CB624C47FDDEAB2FC509.web07-pub?0,1620592461,16:34:21,20210509
6,2019-09-30,GEC.DE,USD,2019-09-30,2019-09-30,Q3,23360000000,17328000000.0,6032000000.0,0.2582191780821918,0.0,4756000000.0,0.0,-506000000.0,4756000000.0,22084000000.0,1279000000.0,791000000.0,2067000000,0.08848458904109589,1276000000,0.054623287671232874,-1246000000.0,-1249000000.0,-0.053467465753424655,41000000.0,-9423000000.0,-0.4033818493150685,-1.08,-1.08,8721000000,8721000000,https://www.bundesanzeiger.de/pub/de/suche;wwwsid=627BFD7A56A5CB624C47FDDEAB2FC509.web07-pub?0,https://www.bundesanzeiger.de/pub/de/suche;wwwsid=627BFD7A56A5CB624C47FDDEAB2FC509.web07-pub?0,1620592461,16:34:21,20210509
7,2019-06-30,GEC.DE,USD,2019-06-30,2019-06-30,Q2,28830000000,21817000000.0,7013000000.0,0.24325355532431495,0.0,4822000000.0,0.0,-732000000.0,4822000000.0,26639000000.0,991000000.0,1686000000.0,3877000000,0.13447797433229275,2191000000,0.0759972251127298,-1476000000.0,-274000000.0,-0.009503988900450918,-148000000.0,127000000.0,0.004405133541449878,-0.01,-0.01,8724000000,8724000000,https://www.bundesanzeiger.de/pub/de/suche;wwwsid=627BFD7A56A5CB624C47FDDEAB2FC509.web07-pub?0,https://www.bundesanzeiger.de/pub/de/suche;wwwsid=627BFD7A56A5CB624C47FDDEAB2FC509.web07-pub?0,1620592461,16:34:21,20210509
8,2019-03-31,GEC.DE,USD,2019-03-31,2019-03-31,Q1,27286000000,20353000000.0,6933000000.0,0.2540863446456058,0.0,4757000000.0,0.0,231000000.0,4757000000.0,25110000000.0,1133000000.0,1712000000.0,3888000000,0.1424906545481199,2176000000,0.07974785604339221,231000000.0,1275000000.0,0.046727259400425124,222000000.0,3588000000.0,0.13149600527743166,0.41,0.4,8711000000,8726000000,https://www.bundesanzeiger.de/pub/de/suche;wwwsid=627BFD7A56A5CB624C47FDDEAB2FC509.web07-pub?0,https://www.bundesanzeiger.de/pub/de/suche;wwwsid=627BFD7A56A5CB624C47FDDEAB2FC509.web07-pub?0,1620592461,16:34:21,20210509
9,2018-12-31,GEC.DE,USD,2018-12-31,2018-12-31,Q4,33279000000,28858000000.0,4421000000.0,0.13284653985997175,0.0,0.0,0.0,-1635000000.0,2464000000.0,31322000000.0,-1730000000.0,1876000000.0,3833000000,0.11517773971573665,1957000000,0.058805853541272275,-3496000000.0,858000000.0,0.025782024700261426,-94000000.0,761000000.0,0.022867273656059377,0.08747126436781609,0.08746121135501667,8700000000,8701000000,https://www.bundesanzeiger.de/pub/de/suche;wwwsid=627BFD7A56A5CB624C47FDDEAB2FC509.web07-pub?0,https://www.bundesanzeiger.de/pub/de/suche;wwwsid=627BFD7A56A5CB624C47FDDEAB2FC509.web07-pub?0,1620592461,16:34:21,20210509
10,2018-09-30,GEC.DE,USD,2018-09-30,2018-09-30,Q3,29574000000,22846000000.0,6728000000.0,0.2274971258537905,0.0,0.0,0.0,-700000000.0,4855000000.0,27701000000.0,1227000000.0,2482000000.0,4355000000,0.14725772638128085,1873000000,0.06333265706363699,-23383000000.0,-22736000000.0,-0.7687833908162576,162000000.0,-22769000000.0,-0.7698992358152431,-2.62,-2.62,8694000000,8694000000,https://www.bundesanzeiger.de/pub/de/suche;wwwsid=627BFD7A56A5CB624C47FDDEAB2FC509.web07-pub?0,https://www.bundesanzeiger.de/pub/de/suche;wwwsid=627BFD7A56A5CB624C47FDDEAB2FC509.web07-pub?0,1620592461,16:34:21,20210509
11,2018-06-30,GEC.DE,USD,2018-06-30,2018-06-30,Q2,30104000000,22424000000.0,7680000000.0,0.2551155992559128,0.0,0.0,0.0,103000000.0,4488000000.0,26912000000.0,1295000000.0,1953000000.0,5145000000,0.17090752059526973,3192000000,0.10603242094073877,-566000000.0,1331000000.0,0.04421339356896094,542000000.0,800000000.0,0.026574541589157587,0.09208103130755065,0.09196459363145189,8688000000,8699000000,https://www.bundesanzeiger.de/pub/de/suche;wwwsid=627BFD7A56A5CB624C47FDDEAB2FC509.web07-pub?0,https://www.bundesanzeiger.de/pub/de/suche;wwwsid=627BFD7A56A5CB624C47FDDEAB2FC509.web07-pub?0,1620592461,16:34:21,20210509
12,2018-03-31,GEC.DE,USD,2018-03-31,2018-03-31,Q1,28660000000,21526000000.0,7134000000.0,0.24891835310537333,0.0,0.0,0.0,-604000000.0,4204000000.0,25730000000.0,1285000000.0,1913000000.0,4843000000,0.1689811584089323,2930000000,0.1022330774598744,-1234000000.0,413000000.0,0.01441032798325192,-27000000.0,-1147000000.0,-0.040020935101186324,-0.13209720142807785,-0.13189972401103955,8683000000,8696000000,https://www.bundesanzeiger.de/pub/de/suche;wwwsid=627BFD7A56A5CB624C47FDDEAB2FC509.web07-pub?0,https://www.bundesanzeiger.de/pub/de/suche;wwwsid=627BFD7A56A5CB624C47FDDEAB2FC509.web07-pub?0,1620592461,16:34:21,20210509
13,2017-12-31,GEC.DE,USD,2017-12-31,2017-12-31,Q4,32389000000,28833000000.0,3556000000.0,0.10979036092500541,0.0,0.0,0.0,-2101000000.0,5617000000.0,34450000000.0,-1821000000.0,1424000000.0,-637000000,-0.019667170953101363,-2061000000,-0.06363271481058384,-12361000000.0,-12603000000.0,-0.38911358794652506,-2740000000.0,-9642000000.0,-0.2976936614282627,-1.13,-1.13,8695575221,8695575221,https://www.bundesanzeiger.de/pub/de/suche;wwwsid=627BFD7A56A5CB624C47FDDEAB2FC509.web07-pub?0,https://www.bundesanzeiger.de/pub/de/suche;wwwsid=627BFD7A56A5CB624C47FDDEAB2FC509.web07-pub?0,1620592461,16:34:21,20210509
14,2017-09-30,GEC.DE,USD,2017-09-30,2017-09-30,Q3,31327000000,24094000000.0,7233000000.0,0.23088709419989148,0.0,0.0,0.0,-1208000000.0,2709000000.0,26803000000.0,1232000000.0,1397000000.0,5921000000,0.18900628850512338,4524000000,0.14441216841702045,-1825000000.0,1466000000.0,0.04679669294857471,-334000000.0,1836000000.0,0.05860759089603218,0.2118869013271783,0.21026110856619332,8665000000,8732000000,https://www.bundesanzeiger.de/pub/de/suche;wwwsid=627BFD7A56A5CB624C47FDDEAB2FC509.web07-pub?0,https://www.bundesanzeiger.de/pub/de/suche;wwwsid=627BFD7A56A5CB624C47FDDEAB2FC509.web07-pub?0,1620592461,16:34:21,20210509
15,2017-06-30,GEC.DE,USD,2017-06-30,2017-06-30,Q2,29261000000,21793000000.0,7468000000.0,0.2552202590478794,0.0,0.0,0.0,-133000000.0,3989000000.0,25782000000.0,1174000000.0,1125000000.0,4604000000,0.15734253784901406,3479000000,0.11889545811831448,-790000000.0,1515000000.0,0.051775400704008746,15000000.0,1367000000.0,0.04671747377054783,0.14,0.13,8671000000,8760000000,https://www.bundesanzeiger.de/pub/de/suche;wwwsid=627BFD7A56A5CB624C47FDDEAB2FC509.web07-pub?0,https://www.bundesanzeiger.de/pub/de/suche;wwwsid=627BFD7A56A5CB624C47FDDEAB2FC509.web07-pub?0,1620592461,16:34:21,20210509
16,2017-03-31,GEC.DE,USD,2017-03-31,2017-03-31,Q1,27492000000,20359000000.0,7133000000.0,0.2594572966681216,0.0,0.0,0.0,-190000000.0,4338000000.0,24697000000.0,1139000000.0,1193000000.0,3988000000,0.14506038120180417,2795000000,0.10166593918230758,-824000000.0,832000000.0,0.030263349337989232,16000000.0,653000000.0,0.02375236432416703,0.07493688317649759,0.07411190557257973,8714000000,8811000000,https://www.bundesanzeiger.de/pub/de/suche;wwwsid=627BFD7A56A5CB624C47FDDEAB2FC509.web07-pub?0,https://www.bundesanzeiger.de/pub/de/suche;wwwsid=627BFD7A56A5CB624C47FDDEAB2FC509.web07-pub?0,1620592461,16:34:21,20210509
17,2016-12-31,GEC.DE,USD,2016-12-31,2016-12-31,Q4,32468000000,27563000000.0,4905000000.0,0.15107182456572626,0.0,0.0,0.0,-181000000.0,3924000000.0,31487000000.0,-2789000000.0,1356000000.0,2337000000,0.07197856350868548,981000000,0.03021436491314525,-877000000.0,2893000000.0,0.08910311691511642,-766000000.0,3667000000.0,0.11294197363557965,0.4,0.39,8795000000,8901000000,https://www.bundesanzeiger.de/pub/de/suche;wwwsid=627BFD7A56A5CB624C47FDDEAB2FC509.web07-pub?0,https://www.bundesanzeiger.de/pub/de/suche;wwwsid=627BFD7A56A5CB624C47FDDEAB2FC509.web07-pub?0,1620592461,16:34:21,20210509
18,2016-09-30,GEC.DE,USD,2016-09-30,2016-09-30,Q3,29038000000,20966000000.0,8072000000.0,0.27798057717473657,0.0,0.0,0.0,-238000000.0,4116000000.0,25082000000.0,961000000.0,3641000000.0,7597000000,0.2616227012879675,3956000000,0.1362352779117019,-922000000.0,2074000000.0,0.0714236517666506,18000000.0,2027000000.0,0.06980508299469661,0.22765049415992814,0.22482253771073646,8904000000,9016000000,https://www.bundesanzeiger.de/pub/de/suche;wwwsid=627BFD7A56A5CB624C47FDDEAB2FC509.web07-pub?0,https://www.bundesanzeiger.de/pub/de/suche;wwwsid=627BFD7A56A5CB624C47FDDEAB2FC509.web07-pub?0,1620592461,16:34:21,20210509
19,2016-06-30,GEC.DE,USD,2016-06-30,2016-06-30,Q2,30344000000,22383000000.0,7961000000.0,0.26235829158977064,0.0,0.0,0.0,-303000000.0,1733000000.0,24116000000.0,1326000000.0,1295000000.0,7523000000,0.24792380701291852,6228000000,0.20524650672291062,-1079000000.0,3824000000.0,0.12602161877142104,479000000.0,2890000000.0,0.09524123385183232,0.3183169952637956,0.31536446966390225,9079000000,9164000000,https://www.bundesanzeiger.de/pub/de/suche;wwwsid=627BFD7A56A5CB624C47FDDEAB2FC509.web07-pub?0,https://www.bundesanzeiger.de/pub/de/suche;wwwsid=627BFD7A56A5CB624C47FDDEAB2FC509.web07-pub?0,1620592461,16:34:21,20210509
20,2016-03-31,GEC.DE,USD,2016-03-31,2016-03-31,Q1,27836000000,20361000000.0,7475000000.0,0.268537146141687,0.0,0.0,0.0,-259000000.0,4599000000.0,24960000000.0,1736000000.0,1210000000.0,4086000000,0.14678833165684724,2876000000,0.10331944244862767,-901000000.0,238000000.0,0.008550079034344014,-139000000.0,191000000.0,0.006861618048570197,0.020564168819982773,0.020379854886897142,9288000000,9372000000,https://www.bundesanzeiger.de/pub/de/suche;wwwsid=627BFD7A56A5CB624C47FDDEAB2FC509.web07-pub?0,https://www.bundesanzeiger.de/pub/de/suche;wwwsid=627BFD7A56A5CB624C47FDDEAB2FC509.web07-pub?0,1620592461,16:34:21,20210509
21,2015-12-31,GEC.DE,USD,2015-12-31,2015-12-31,Q4,23519000000,27556000000.0,-4037000000.0,-0.17164845444109017,0.0,0.0,0.0,16517000000.0,12060000000.0,39616000000.0,-2814000000.0,1244000000.0,-14853000000,-0.6315319528891534,-16097000000,-0.6844253582210128,15864000000.0,2582000000.0,0.10978357923381096,-981000000.0,6301000000.0,0.26791105063990817,0.6465879938429964,0.6415843600448019,9745000000,9821000000,https://www.bundesanzeiger.de/pub/de/suche;wwwsid=627BFD7A56A5CB624C47FDDEAB2FC509.web07-pub?0,https://www.bundesanzeiger.de/pub/de/suche;wwwsid=627BFD7A56A5CB624C47FDDEAB2FC509.web07-pub?0,1620592461,16:34:21,20210509
22,2015-09-30,GEC.DE,USD,2015-09-30,2015-09-30,Q3,31511000000,19249000000.0,12262000000.0,0.3891339532226841,0.0,0.0,0.0,-6298000000.0,569000000.0,19818000000.0,1462000000.0,3554000000.0,15247000000,0.4838627780774967,11693000000,0.3710767668433246,-6974000000.0,3257000000.0,0.10336073117324109,365000000.0,2506000000.0,0.07952778394846244,0.24804513510838364,0.24633834660375503,10103000000,10173000000,https://www.bundesanzeiger.de/pub/de/suche;wwwsid=627BFD7A56A5CB624C47FDDEAB2FC509.web07-pub?0,https://www.bundesanzeiger.de/pub/de/suche;wwwsid=627BFD7A56A5CB624C47FDDEAB2FC509.web07-pub?0,1620592461,16:34:21,20210509
23,2015-06-30,GEC.DE,USD,2015-06-30,2015-06-30,Q2,31974000000,20023000000.0,11951000000.0,0.3737724401075874,0.0,0.0,0.0,-6419000000.0,3000000.0,20026000000.0,1286000000.0,-141000000.0,11807000000,0.36926878088446863,11948000000,0.37367861387377244,-7079000000.0,3583000000.0,0.11205979858635141,968000000.0,-1360000000.0,-0.042534559329455185,-0.1348270050560127,-0.13388462295727505,10087000000,10158000000,https://www.bundesanzeiger.de/pub/de/suche;wwwsid=627BFD7A56A5CB624C47FDDEAB2FC509.web07-pub?0,https://www.bundesanzeiger.de/pub/de/suche;wwwsid=627BFD7A56A5CB624C47FDDEAB2FC509.web07-pub?0,1620592461,16:34:21,20210509
24,2015-03-31,GEC.DE,USD,2015-03-31,2015-03-31,Q1,29214000000,18166000000.0,11048000000.0,0.37817484767577186,0.0,0.0,0.0,-8733000000.0,4717000000.0,22883000000.0,1930000000.0,2466000000.0,8797000000,0.301122749366742,6331000000,0.2167111658793729,-9349000000.0,-4948000000.0,-0.16937084959266105,6458000000.0,-13573000000.0,-0.4646060108167317,-1.35,-1.35,10067000000,10067000000,https://www.bundesanzeiger.de/pub/de/suche;wwwsid=627BFD7A56A5CB624C47FDDEAB2FC509.web07-pub?0,https://www.bundesanzeiger.de/pub/de/suche;wwwsid=627BFD7A56A5CB624C47FDDEAB2FC509.web07-pub?0,1620592461,16:34:21,20210509
25,2014-12-31,GEC.DE,USD,2014-12-31,2014-12-31,Q4,42018000000,31440000000.0,10578000000.0,0.25174925032129086,0.0,0.0,0.0,-8810000000.0,1112000000.0,32552000000.0,-6031000000.0,2288000000.0,11754000000,0.2797372554619449,9466000000,0.22528440192298538,-9418000000.0,6079000000.0,0.14467609119900995,600000000.0,5152000000.0,0.12261411775905565,0.512636815920398,0.5087390145156512,10050000000,10127000000,https://www.bundesanzeiger.de/pub/de/suche;wwwsid=627BFD7A56A5CB624C47FDDEAB2FC509.web07-pub?0,https://www.bundesanzeiger.de/pub/de/suche;wwwsid=627BFD7A56A5CB624C47FDDEAB2FC509.web07-pub?0,1620592461,16:34:21,20210509
26,2014-09-30,GEC.DE,USD,2014-09-30,2014-09-30,Q3,35916000000,19740000000.0,16176000000.0,0.45038422986969595,0.0,0.0,0.0,-8543000000.0,699000000.0,20439000000.0,2357000000.0,2494000000.0,17971000000,0.5003619556743513,15477000000,0.43092215168727027,-9205000000.0,3915000000.0,0.10900434346809222,463000000.0,3537000000.0,0.0984797861677247,0.35232592887737824,0.3495404684257338,10039000000,10119000000,https://www.bundesanzeiger.de/pub/de/suche;wwwsid=627BFD7A56A5CB624C47FDDEAB2FC509.web07-pub?0,https://www.bundesanzeiger.de/pub/de/suche;wwwsid=627BFD7A56A5CB624C47FDDEAB2FC509.web07-pub?0,1620592461,16:34:21,20210509
27,2014-06-30,GEC.DE,USD,2014-06-30,2014-06-30,Q2,35895000000,20006000000.0,15889000000.0,0.4426521799693551,0.0,0.0,0.0,-8477000000.0,630000000.0,20636000000.0,2345000000.0,2226000000.0,17485000000,0.48711519710266055,15259000000,0.4251009889956818,-9135000000.0,3779000000.0,0.10527928680874774,193000000.0,3545000000.0,0.09876027301852626,0.3534044462167281,0.3506429277942631,10031000000,10110000000,https://www.bundesanzeiger.de/pub/de/suche;wwwsid=627BFD7A56A5CB624C47FDDEAB2FC509.web07-pub?0,https://www.bundesanzeiger.de/pub/de/suche;wwwsid=627BFD7A56A5CB624C47FDDEAB2FC509.web07-pub?0,1620592461,16:34:21,20210509
28,2014-03-31,GEC.DE,USD,2014-03-31,2014-03-31,Q1,33982000000,18522000000.0,15460000000.0,0.45494673650756284,0.0,0.0,0.0,-8196000000.0,774000000.0,19296000000.0,2414000000.0,2275000000.0,16961000000,0.4991171796833618,14686000000,0.43216997233829674,-8816000000.0,3456000000.0,0.10170090047672298,516000000.0,2999000000.0,0.08825260431993408,0.2985564957690393,0.29625605057789195,10045000000,10123000000,https://www.bundesanzeiger.de/pub/de/suche;wwwsid=627BFD7A56A5CB624C47FDDEAB2FC509.web07-pub?0,https://www.bundesanzeiger.de/pub/de/suche;wwwsid=627BFD7A56A5CB624C47FDDEAB2FC509.web07-pub?0,1620592461,16:34:21,20210509
29,2013-12-31,GEC.DE,USD,2013-12-31,2013-12-31,Q4,39161000000,31147000000.0,8014000000.0,0.2046423737902505,0.0,0.0,0.0,-5961000000.0,3562000000.0,34709000000.0,-6851000000.0,2607000000.0,7059000000,0.18025586680626132,4452000000,0.11368453308138199,-6615000000.0,4688000000.0,0.11971093690150915,-483000000.0,3206000000.0,0.08186716375986312,0.42,0.41,10090000000,10162000000,https://www.bundesanzeiger.de/pub/de/suche;wwwsid=627BFD7A56A5CB624C47FDDEAB2FC509.web07-pub?0,https://www.bundesanzeiger.de/pub/de/suche;wwwsid=627BFD7A56A5CB624C47FDDEAB2FC509.web07-pub?0,1620592461,16:34:21,20210509
30,2013-09-30,GEC.DE,USD,2013-09-30,2013-09-30,Q3,35362000000,19457000000.0,15905000000.0,0.4497765963463605,0.0,0.0,0.0,-8705000000.0,458000000.0,19915000000.0,2462000000.0,2578000000.0,18025000000,0.5097279565635428,15447000000,0.4368248402239692,-9377000000.0,3608000000.0,0.10203042814320457,345000000.0,3191000000.0,0.09023810870425882,0.31435326568810956,0.31213929374938865,10151000000,10223000000,https://www.bundesanzeiger.de/pub/de/suche;wwwsid=627BFD7A56A5CB624C47FDDEAB2FC509.web07-pub?0,https://www.bundesanzeiger.de/pub/de/suche;wwwsid=627BFD7A56A5CB624C47FDDEAB2FC509.web07-pub?0,1620592461,16:34:21,20210509
31,2013-06-30,GEC.DE,USD,2013-06-30,2013-06-30,Q2,35019000000,18488000000.0,16531000000.0,0.47205802564322225,0.0,0.0,0.0,-8573000000.0,925000000.0,19413000000.0,2617000000.0,2267000000.0,17873000000,0.5103800793854765,15606000000,0.4456437933693138,-9260000000.0,3729000000.0,0.10648505097232931,308000000.0,3133000000.0,0.08946571860989748,0.30527136314917663,0.30335011618900076,10263000000,10328000000,https://www.bundesanzeiger.de/pub/de/suche;wwwsid=627BFD7A56A5CB624C47FDDEAB2FC509.web07-pub?0,https://www.bundesanzeiger.de/pub/de/suche;wwwsid=627BFD7A56A5CB624C47FDDEAB2FC509.web07-pub?0,1620592461,16:34:21,20210509
32,2013-03-31,GEC.DE,USD,2013-03-31,2013-03-31,Q1,33395000000,17316000000.0,16079000000.0,0.48147926336277885,0.0,0.0,0.0,-7181000000.0,1488000000.0,18804000000.0,2621000000.0,2310000000.0,16901000000,0.5060937266057793,14591000000,0.43692169486450066,-7844000000.0,4126000000.0,0.12355142985476868,506000000.0,3527000000.0,0.10561461296601288,0.3399845768266821,0.33806191891114734,10374000000,10433000000,https://www.bundesanzeiger.de/pub/de/suche;wwwsid=627BFD7A56A5CB624C47FDDEAB2FC509.web07-pub?0,https://www.bundesanzeiger.de/pub/de/suche;wwwsid=627BFD7A56A5CB624C47FDDEAB2FC509.web07-pub?0,1620592461,16:34:21,20210509
33,2012-12-31,GEC.DE,USD,2012-12-31,2012-12-31,Q4,36764000000,30430000000.0,6334000000.0,0.1722881079316723,0.0,0.0,0.0,0.0,-26879000000.0,3551000000.0,-8737000000.0,0.0,-936000000,-0.02545968882602546,33213000000,0.9034109454901534,-702000000.0,5269000000.0,0.14331955173539332,818000000.0,4011000000.0,0.1091012947448591,0.3839379726237197,0.382,10447000000,10500000000,https://www.bundesanzeiger.de/pub/de/suche;wwwsid=627BFD7A56A5CB624C47FDDEAB2FC509.web07-pub?0,https://www.bundesanzeiger.de/pub/de/suche;wwwsid=627BFD7A56A5CB624C47FDDEAB2FC509.web07-pub?0,1620592461,16:34:21,20210509
34,2012-09-30,GEC.DE,USD,2012-09-30,2012-09-30,Q3,36349000000,18509000000.0,17840000000.0,0.49079754601226994,0.0,9713000000.0,0.0,0.0,10835000000.0,29344000000.0,2979000000.0,0.0,9326000000,0.2565682687281631,7005000000,0.19271506781479544,0.0,4026000000.0,0.11075958073124433,555000000.0,3491000000.0,0.09604115656551762,0.33174950109284423,0.33033686601059803,10523000000,10568000000,https://www.bundesanzeiger.de/pub/de/suche;wwwsid=627BFD7A56A5CB624C47FDDEAB2FC509.web07-pub?0,https://www.bundesanzeiger.de/pub/de/suche;wwwsid=627BFD7A56A5CB624C47FDDEAB2FC509.web07-pub?0,1620592461,16:34:21,20210509
35,2012-06-30,GEC.DE,USD,2012-06-30,2012-06-30,Q2,36501000000,19199000000.0,17302000000.0,0.47401441056409416,0.0,9163000000.0,0.0,0.0,9906000000.0,29105000000.0,3211000000.0,0.0,9626000000,0.2637188022245966,7396000000,0.202624585627791,0.0,4185000000.0,0.11465439303032794,494000000.0,3105000000.0,0.08506616257088846,0.29364478910535274,0.2926208651399491,10574000000,10611000000,https://www.bundesanzeiger.de/pub/de/suche;wwwsid=627BFD7A56A5CB624C47FDDEAB2FC509.web07-pub?0,https://www.bundesanzeiger.de/pub/de/suche;wwwsid=627BFD7A56A5CB624C47FDDEAB2FC509.web07-pub?0,1620592461,16:34:21,20210509
36,2012-03-31,GEC.DE,USD,2012-03-31,2012-03-31,Q1,35182000000,17869000000.0,17313000000.0,0.49209823205048037,0.0,9166000000.0,0.0,0.0,10029000000.0,27898000000.0,3358000000.0,0.0,9547000000,0.27136035472684894,7284000000,0.20703768972770167,0.0,3926000000.0,0.11159115456767665,637000000.0,3034000000.0,0.08623728042749133,0.286740383706644,0.2859296955989068,10581000000,10611000000,https://www.bundesanzeiger.de/pub/de/suche;wwwsid=627BFD7A56A5CB624C47FDDEAB2FC509.web07-pub?0,https://www.bundesanzeiger.de/pub/de/suche;wwwsid=627BFD7A56A5CB624C47FDDEAB2FC509.web07-pub?0,1620592461,16:34:21,20210509
37,2011-12-31,GEC.DE,USD,2011-12-31,2011-12-31,Q4,32910000000,31308000000.0,1602000000.0,0.04867821330902461,0.0,711000000.0,0.0,0.0,-27498000000.0,3810000000.0,-10609000000.0,0.0,-3892000000,-0.11826192646611972,29100000000,0.8842297174111212,0.0,4476000000.0,0.13600729261622607,466000000.0,3730000000.0,0.11333941051352173,0.3530191179254212,0.35218581814748373,10566000000,10591000000,https://www.bundesanzeiger.de/pub/de/suche;wwwsid=627BFD7A56A5CB624C47FDDEAB2FC509.web07-pub?0,https://www.bundesanzeiger.de/pub/de/suche;wwwsid=627BFD7A56A5CB624C47FDDEAB2FC509.web07-pub?0,1620592461,16:34:21,20210509
38,2011-09-30,GEC.DE,USD,2011-09-30,2011-09-30,Q3,35367000000,16615000000.0,18752000000.0,0.5302117793423248,0.0,10298000000.0,0.0,0.0,11318000000.0,27933000000.0,3735000000.0,0.0,9784000000,0.27664206746402015,7434000000,0.21019594537280517,0.0,3699000000.0,0.10458902366612945,435000000.0,3224000000.0,0.0911584245200328,0.3047258979206049,0.3039502215518054,10580000000,10607000000,https://www.bundesanzeiger.de/pub/de/suche;wwwsid=627BFD7A56A5CB624C47FDDEAB2FC509.web07-pub?0,https://www.bundesanzeiger.de/pub/de/suche;wwwsid=627BFD7A56A5CB624C47FDDEAB2FC509.web07-pub?0,1620592461,16:34:21,20210509
39,2011-06-30,GEC.DE,USD,2011-06-30,2011-06-30,Q2,35625000000,17500000000.0,18125000000.0,0.5087719298245614,0.0,9030000000.0,0.0,0.0,9841000000.0,27341000000.0,3773000000.0,0.0,10586000000,0.29715087719298244,8284000000,0.23253333333333334,0.0,4511000000.0,0.12662456140350878,890000000.0,3764000000.0,0.1056561403508772,0.35496039230479065,0.3537926496851208,10604000000,10639000000,https://www.bundesanzeiger.de/pub/de/suche;wwwsid=627BFD7A56A5CB624C47FDDEAB2FC509.web07-pub?0,https://www.bundesanzeiger.de/pub/de/suche;wwwsid=627BFD7A56A5CB624C47FDDEAB2FC509.web07-pub?0,1620592461,16:34:21,20210509
40,2011-03-31,GEC.DE,USD,2011-03-31,2011-03-31,Q1,38448000000,16699000000.0,21749000000.0,0.5656731169371619,0.0,9272000000.0,0.0,0.0,10435000000.0,27134000000.0,3879000000.0,0.0,13606000000,0.35388056595921763,11314000000,0.2942675821889305,0.0,7435000000.0,0.19337806908031627,3927000000.0,3433000000.0,0.08928942987931753,0.32,0.31,10611000000,10641000000,https://www.bundesanzeiger.de/pub/de/suche;wwwsid=627BFD7A56A5CB624C47FDDEAB2FC509.web07-pub?0,https://www.bundesanzeiger.de/pub/de/suche;wwwsid=627BFD7A56A5CB624C47FDDEAB2FC509.web07-pub?0,1620592461,16:34:21,20210509
41,2010-12-31,GEC.DE,USD,2010-12-31,2010-12-31,Q4,40274000000,20379000000.0,19895000000.0,0.4939911605502309,0.0,11606000000.0,0.0,0.0,12829000000.0,33208000000.0,3612000000.0,2536000000.0,9602000000,0.23841684461439142,7066000000,0.1754481799672245,0.0,3454000000.0,0.08576252669215871,-584000000.0,4535000000.0,0.11260366489546605,0.4263820985332832,0.4256617232964145,10636000000,10654000000,https://www.bundesanzeiger.de/pub/de/suche;wwwsid=627BFD7A56A5CB624C47FDDEAB2FC509.web07-pub?0,https://www.bundesanzeiger.de/pub/de/suche;wwwsid=627BFD7A56A5CB624C47FDDEAB2FC509.web07-pub?0,1620592461,16:34:21,20210509
42,2010-09-30,GEC.DE,USD,2010-09-30,2010-09-30,Q3,35888000000,16626000000.0,19262000000.0,0.5367253678109675,0.0,9887000000.0,0.0,0.0,11583000000.0,28209000000.0,4039000000.0,2621000000.0,10300000000,0.28700401248328133,7679000000,0.2139712438698172,0.0,3640000000.0,0.10142666072224699,318000000.0,2055000000.0,0.05726148016049933,0.1925238898257448,0.19221775325039753,10674000000,10691000000,https://www.bundesanzeiger.de/pub/de/suche;wwwsid=627BFD7A56A5CB624C47FDDEAB2FC509.web07-pub?0,https://www.bundesanzeiger.de/pub/de/suche;wwwsid=627BFD7A56A5CB624C47FDDEAB2FC509.web07-pub?0,1620592461,16:34:21,20210509
43,2010-06-30,GEC.DE,USD,2010-06-30,2010-06-30,Q2,37444000000,17196000000.0,20248000000.0,0.540754192928106,0.0,9781000000.0,0.0,0.0,11790000000.0,28986000000.0,4171000000.0,2381000000.0,10839000000,0.2894722786027134,8458000000,0.22588398675355198,0.0,4287000000.0,0.11449097318662536,885000000.0,3109000000.0,0.08303065911761565,0.29096864763687413,0.2905064473930106,10685000000,10702000000,https://www.bundesanzeiger.de/pub/de/suche;wwwsid=627BFD7A56A5CB624C47FDDEAB2FC509.web07-pub?0,https://www.bundesanzeiger.de/pub/de/suche;wwwsid=627BFD7A56A5CB624C47FDDEAB2FC509.web07-pub?0,1620592461,16:34:21,20210509
44,2010-03-31,GEC.DE,USD,2010-03-31,2010-03-31,Q1,36605000000,17512000000.0,19093000000.0,0.5215954104630515,0.0,9842000000.0,0.0,0.0,12105000000.0,29617000000.0,4161000000.0,2475000000.0,9463000000,0.25851659609342986,6988000000,0.19090288211992898,0.0,2827000000.0,0.0772298866275099,431000000.0,1945000000.0,0.05313481764786231,0.1822697029331834,0.18199681856461122,10671000000,10687000000,https://www.bundesanzeiger.de/pub/de/suche;wwwsid=627BFD7A56A5CB624C47FDDEAB2FC509.web07-pub?0,https://www.bundesanzeiger.de/pub/de/suche;wwwsid=627BFD7A56A5CB624C47FDDEAB2FC509.web07-pub?0,1620592461,16:34:21,20210509
45,2009-12-31,GEC.DE,USD,2009-12-31,2009-12-31,Q4,41438000000,20503000000.0,20935000000.0,0.5052126067860419,0.0,10940000000.0,0.0,0.0,13847000000.0,34350000000.0,4467000000.0,2743000000.0,9831000000,0.23724600608137458,7088000000,0.1710507263864086,0.0,2621000000.0,0.06325112215840532,-524000000.0,3013000000.0,0.07271103817751821,0.34410689812699863,0.34410689812699863,8756000000,8756000000,https://www.bundesanzeiger.de/pub/de/suche;wwwsid=627BFD7A56A5CB624C47FDDEAB2FC509.web07-pub?0,https://www.bundesanzeiger.de/pub/de/suche;wwwsid=627BFD7A56A5CB624C47FDDEAB2FC509.web07-pub?0,1620592461,16:34:21,20210509
46,2009-09-30,GEC.DE,USD,2009-09-30,2009-09-30,Q3,37799000000,18548000000.0,19251000000.0,0.5092991878092012,0.0,10086000000.0,0.0,0.0,12954000000.0,31502000000.0,4322000000.0,2658000000.0,8955000000,0.23691102939231196,6297000000,0.16659170877536442,0.0,1975000000.0,0.05225005952538427,-484000000.0,2494000000.0,0.06598058149686499,0.23,0.23,10638000000,10638000000,https://www.bundesanzeiger.de/pub/de/suche;wwwsid=627BFD7A56A5CB624C47FDDEAB2FC509.web07-pub?0,https://www.bundesanzeiger.de/pub/de/suche;wwwsid=627BFD7A56A5CB624C47FDDEAB2FC509.web07-pub?0,1620592461,16:34:21,20210509
47,2009-06-30,GEC.DE,USD,2009-06-30,2009-06-30,Q2,39082000000,18804000000.0,20278000000.0,0.5188577861931324,0.0,9712000000.0,0.0,0.0,12529000000.0,31333000000.0,4653000000.0,2504000000.0,10253000000,0.26234583695819047,7749000000,0.1982754209098818,0.0,3096000000.0,0.07921805434726985,219000000.0,2671000000.0,0.06834348293331968,0.24,0.24,10609000000,10609000000,https://www.bundesanzeiger.de/pub/de/suche;wwwsid=627BFD7A56A5CB624C47FDDEAB2FC509.web07-pub?0,https://www.bundesanzeiger.de/pub/de/suche;wwwsid=627BFD7A56A5CB624C47FDDEAB2FC509.web07-pub?0,1620592461,16:34:21,20210509
48,2009-03-31,GEC.DE,USD,2009-03-31,2009-03-31,Q1,38411000000,18066000000.0,20345000000.0,0.5296659810991643,0.0,10083000000.0,0.0,0.0,12419000000.0,30485000000.0,5327000000.0,2731000000.0,10657000000,0.27744656478612895,7926000000,0.20634714014214678,0.0,2599000000.0,0.06766290906250813,-318000000.0,2811000000.0,0.07318216136002707,0.26,0.26,10564000000,10564000000,https://www.bundesanzeiger.de/pub/de/suche;wwwsid=627BFD7A56A5CB624C47FDDEAB2FC509.web07-pub?0,https://www.bundesanzeiger.de/pub/de/suche;wwwsid=627BFD7A56A5CB624C47FDDEAB2FC509.web07-pub?0,1620592461,16:34:21,20210509
49,2008-12-31,GEC.DE,USD,2008-12-31,2008-12-31,Q4,46213000000,22913000000.0,23300000000.0,0.5041871334905762,0.0,11505000000.0,0.0,0.0,14570000000.0,37483000000.0,6106000000.0,3276000000.0,12006000000,0.2597970268106377,8730000000,0.18890788306320733,-139000000.0,2485000000.0,0.053772747928072184,-1382000000.0,3722000000.0,0.08054010776188518,0.42507994518044767,0.42507994518044767,8756000000,8756000000,https://www.bundesanzeiger.de/pub/de/suche;wwwsid=627BFD7A56A5CB624C47FDDEAB2FC509.web07-pub?0,https://www.bundesanzeiger.de/pub/de/suche;wwwsid=627BFD7A56A5CB624C47FDDEAB2FC509.web07-pub?0,1620592461,16:34:21,20210509
50,2008-09-30,GEC.DE,USD,2008-09-30,2008-09-30,Q3,47234000000,22137000000.0,25097000000.0,0.531333361561587,0.0,11329000000.0,0.0,0.0,12970000000.0,35107000000.0,6955000000.0,2860000000.0,14987000000,0.3172926281915569,12127000000,0.2567430240928145,-156000000.0,5016000000.0,0.10619469026548672,539000000.0,4312000000.0,0.09129017233348859,0.43323621018788305,0.4324974924774323,9953000000,9970000000,https://www.bundesanzeiger.de/pub/de/suche;wwwsid=627BFD7A56A5CB624C47FDDEAB2FC509.web07-pub?0,https://www.bundesanzeiger.de/pub/de/suche;wwwsid=627BFD7A56A5CB624C47FDDEAB2FC509.web07-pub?0,1620592461,16:34:21,20210509
51,2008-06-30,GEC.DE,USD,2008-06-30,2008-06-30,Q2,46891000000,20729000000.0,26162000000.0,0.5579322258002601,0.0,11425000000.0,0.0,0.0,12915000000.0,33644000000.0,6626000000.0,2674000000.0,15921000000,0.33953210637435755,13247000000,0.28250623787080675,-184000000.0,6437000000.0,0.1372758098569022,1043000000.0,5072000000.0,0.1081657460920006,0.5093392247439245,0.5081146062913244,9958000000,9982000000,https://www.bundesanzeiger.de/pub/de/suche;wwwsid=627BFD7A56A5CB624C47FDDEAB2FC509.web07-pub?0,https://www.bundesanzeiger.de/pub/de/suche;wwwsid=627BFD7A56A5CB624C47FDDEAB2FC509.web07-pub?0,1620592461,16:34:21,20210509
52,2008-03-31,GEC.DE,USD,2008-03-31,2008-03-31,Q1,42273000000,17993000000.0,24280000000.0,0.5743618858372956,0.0,11039000000.0,0.0,0.0,12398000000.0,30391000000.0,6530000000.0,2682000000.0,14564000000,0.34452250845693466,11882000000,0.28107775648759253,-162000000.0,5190000000.0,0.12277340146192606,829000000.0,4304000000.0,0.10181439689636411,0.43134896772900383,0.4301419148510893,9978000000,10006000000,https://www.bundesanzeiger.de/pub/de/suche;wwwsid=627BFD7A56A5CB624C47FDDEAB2FC509.web07-pub?0,https://www.bundesanzeiger.de/pub/de/suche;wwwsid=627BFD7A56A5CB624C47FDDEAB2FC509.web07-pub?0,1620592461,16:34:21,20210509
53,2007-12-31,GEC.DE,USD,2007-12-31,2007-12-31,Q4,48576000000,21516000000.0,27060000000.0,0.5570652173913043,0.0,11341000000.0,0.0,0.0,12671000000.0,34187000000.0,6487000000.0,2846000000.0,17235000000,0.3548048418972332,14389000000,0.2962162384716733,-282000000.0,7620000000.0,0.15686758893280633,808000000.0,6687000000.0,0.13766057312252963,0.7637048880767474,0.7637048880767474,8756000000,8756000000,https://www.bundesanzeiger.de/pub/de/suche;wwwsid=627BFD7A56A5CB624C47FDDEAB2FC509.web07-pub?0,https://www.bundesanzeiger.de/pub/de/suche;wwwsid=627BFD7A56A5CB624C47FDDEAB2FC509.web07-pub?0,1620592461,16:34:21,20210509
54,2007-09-30,GEC.DE,USD,2007-09-30,2007-09-30,Q3,42534000000,18258000000.0,24276000000.0,0.5707434052757794,0.0,11081000000.0,0.0,0.0,12304000000.0,30562000000.0,6077000000.0,2568000000.0,14540000000,0.3418441717214464,11972000000,0.28146894249306437,-190000000.0,5705000000.0,0.13412799172426765,619000000.0,5539000000.0,0.13022523157944232,0.5442664832465363,0.5422418012726383,10177000000,10215000000,https://www.bundesanzeiger.de/pub/de/suche;wwwsid=627BFD7A56A5CB624C47FDDEAB2FC509.web07-pub?0,https://www.bundesanzeiger.de/pub/de/suche;wwwsid=627BFD7A56A5CB624C47FDDEAB2FC509.web07-pub?0,1620592461,16:34:21,20210509
55,2007-06-30,GEC.DE,USD,2007-06-30,2007-06-30,Q2,42316000000,17507000000.0,24809000000.0,0.5862794214954155,0.0,11093000000.0,0.0,0.0,12394000000.0,29901000000.0,5718000000.0,2279000000.0,14694000000,0.347244541071935,12415000000,0.2933878438415729,-217000000.0,6480000000.0,0.15313356649966917,1081000000.0,5420000000.0,0.1280839398808961,0.5278535255161667,0.5260603707657964,10268000000,10303000000,https://www.bundesanzeiger.de/pub/de/suche;wwwsid=627BFD7A56A5CB624C47FDDEAB2FC509.web07-pub?0,https://www.bundesanzeiger.de/pub/de/suche;wwwsid=627BFD7A56A5CB624C47FDDEAB2FC509.web07-pub?0,1620592461,16:34:21,20210509
56,2007-03-31,GEC.DE,USD,2007-03-31,2007-03-31,Q1,40195000000,16851000000.0,23344000000.0,0.5807687523323797,0.0,10835000000.0,0.0,0.0,12009000000.0,28860000000.0,5699000000.0,2585000000.0,13920000000,0.34631173031471574,11335000000,0.28200024878716257,-219000000.0,5417000000.0,0.1347680059708919,907000000.0,4508000000.0,0.11215325289215076,0.44,0.44,10284000000,10284000000,https://www.bundesanzeiger.de/pub/de/suche;wwwsid=627BFD7A56A5CB624C47FDDEAB2FC509.web07-pub?0,https://www.bundesanzeiger.de/pub/de/suche;wwwsid=627BFD7A56A5CB624C47FDDEAB2FC509.web07-pub?0,1620592461,16:34:21,20210509
57,2006-12-31,GEC.DE,USD,2006-12-31,2006-12-31,Q4,44814000000,19838000000.0,24976000000.0,0.5573258356763512,0.0,10588000000.0,0.0,0.0,11744000000.0,31582000000.0,5249000000.0,2486000000.0,15718000000,0.35073860847056726,13232000000,0.2952648725844602,-220000000.0,7763000000.0,0.1732271165260856,1052000000.0,6708000000.0,0.14968536618021155,0.7661032434901781,0.7661032434901781,8756000000,8756000000,https://www.bundesanzeiger.de/pub/de/suche;wwwsid=627BFD7A56A5CB624C47FDDEAB2FC509.web07-pub?0,https://www.bundesanzeiger.de/pub/de/suche;wwwsid=627BFD7A56A5CB624C47FDDEAB2FC509.web07-pub?0,1620592461,16:34:21,20210509
58,2006-09-30,GEC.DE,USD,2006-09-30,2006-09-30,Q3,40856000000,18468000000.0,22388000000.0,0.5479733698844723,0.0,10055000000.0,0.0,0.0,11020000000.0,29488000000.0,5143000000.0,2294000000.0,13662000000,0.33439396906207164,11368000000,0.2782455453299393,-215000000.0,6010000000.0,0.14710201683963187,951000000.0,4964000000.0,0.1214999020951635,0.4811476204322962,0.4797062234248164,10317000000,10348000000,https://www.bundesanzeiger.de/pub/de/suche;wwwsid=627BFD7A56A5CB624C47FDDEAB2FC509.web07-pub?0,https://www.bundesanzeiger.de/pub/de/suche;wwwsid=627BFD7A56A5CB624C47FDDEAB2FC509.web07-pub?0,1620592461,16:34:21,20210509
59,2006-06-30,GEC.DE,USD,2006-06-30,2006-06-30,Q2,39900000000,18143000000.0,21757000000.0,0.5452882205513785,0.0,10199000000.0,0.0,0.0,11095000000.0,29238000000.0,4533000000.0,2246000000.0,12908000000,0.3235087719298246,10662000000,0.26721804511278197,-235000000.0,5894000000.0,0.14771929824561403,1040000000.0,4852000000.0,0.12160401002506266,0.46824937270797146,0.4665384615384615,10362000000,10400000000,https://www.bundesanzeiger.de/pub/de/suche;wwwsid=627BFD7A56A5CB624C47FDDEAB2FC509.web07-pub?0,https://www.bundesanzeiger.de/pub/de/suche;wwwsid=627BFD7A56A5CB624C47FDDEAB2FC509.web07-pub?0,1620592461,16:34:21,20210509
60,2006-03-31,GEC.DE,USD,2006-03-31,2006-03-31,Q1,37821000000,17661000000.0,20160000000.0,0.5330372015546918,0.0,9786000000.0,0.0,0.0,10608000000.0,28269000000.0,4361000000.0,2132000000.0,11684000000,0.30892890193278866,9552000000,0.2525581026413897,-238000000.0,4953000000.0,0.13095899103672562,911000000.0,4305000000.0,0.11382565241532482,0.41,0.41,10442000000,10442000000,https://www.bundesanzeiger.de/pub/de/suche;wwwsid=627BFD7A56A5CB624C47FDDEAB2FC509.web07-pub?0,https://www.bundesanzeiger.de/pub/de/suche;wwwsid=627BFD7A56A5CB624C47FDDEAB2FC509.web07-pub?0,1620592461,16:34:21,20210509
61,2005-12-31,GEC.DE,USD,2005-12-31,2005-12-31,Q4,26493000000,18675000000.0,7818000000.0,0.29509681802740345,0.0,-1759000000.0,0.0,0.0,-873000000.0,17802000000.0,3687000000.0,2031000000.0,10722000000,0.4047106782923791,8691000000,0.32804891858226704,144000000.0,5148000000.0,0.19431547956063866,162000000.0,3064000000.0,0.11565319140905145,0.3499314755596163,0.3499314755596163,8756000000,8756000000,https://www.bundesanzeiger.de/pub/de/suche;wwwsid=627BFD7A56A5CB624C47FDDEAB2FC509.web07-pub?0,https://www.bundesanzeiger.de/pub/de/suche;wwwsid=627BFD7A56A5CB624C47FDDEAB2FC509.web07-pub?0,1620592461,16:34:21,20210509
62,2005-09-30,GEC.DE,USD,2005-09-30,2005-09-30,Q3,41927000000,16001000000.0,25926000000.0,0.6183604836978558,0.0,14625000000.0,0.0,0.0,15720000000.0,31721000000.0,3826000000.0,2225000000.0,12431000000,0.2964915209769361,10206000000,0.24342309251794786,-359000000.0,6021000000.0,0.1436067450568846,1344000000.0,4677000000.0,0.11155102916974742,0.4418516769012754,0.4402711098559729,10585000000,10623000000,https://www.bundesanzeiger.de/pub/de/suche;wwwsid=627BFD7A56A5CB624C47FDDEAB2FC509.web07-pub?0,https://www.bundesanzeiger.de/pub/de/suche;wwwsid=627BFD7A56A5CB624C47FDDEAB2FC509.web07-pub?0,1620592461,16:34:21,20210509
63,2005-06-30,GEC.DE,USD,2005-06-30,2005-06-30,Q2,41556000000,16596000000.0,24960000000.0,0.6006352873231302,0.0,13788000000.0,0.0,0.0,14746000000.0,31342000000.0,3897000000.0,1994000000.0,12208000000,0.2937722591202233,10214000000,0.24578881509288672,-456000000.0,5861000000.0,0.1410385985176629,1214000000.0,4647000000.0,0.11182500721917413,0.43823085628064884,0.43633802816901407,10604000000,10650000000,https://www.bundesanzeiger.de/pub/de/suche;wwwsid=627BFD7A56A5CB624C47FDDEAB2FC509.web07-pub?0,https://www.bundesanzeiger.de/pub/de/suche;wwwsid=627BFD7A56A5CB624C47FDDEAB2FC509.web07-pub?0,1620592461,16:34:21,20210509
64,2005-03-31,GEC.DE,USD,2005-03-31,2005-03-31,Q1,39726000000,15542000000.0,24184000000.0,0.6087700750138448,0.0,14091000000.0,0.0,0.0,14993000000.0,30535000000.0,3777000000.0,2288000000.0,11479000000,0.2889543372098877,9191000000,0.23135981473090672,-315000000.0,5099000000.0,0.12835422645119066,1134000000.0,3965000000.0,0.09980868952323416,0.37416249882042085,0.37261535569965226,10597000000,10641000000,https://www.bundesanzeiger.de/pub/de/suche;wwwsid=627BFD7A56A5CB624C47FDDEAB2FC509.web07-pub?0,https://www.bundesanzeiger.de/pub/de/suche;wwwsid=627BFD7A56A5CB624C47FDDEAB2FC509.web07-pub?0,1620592461,16:34:21,20210509
65,2004-12-31,GEC.DE,USD,2004-12-31,2004-12-31,Q4,43706000000,18089000000.0,25617000000.0,0.5861208987324394,0.0,14625000000.0,0.0,0.0,15769000000.0,33858000000.0,3404000000.0,2227000000.0,12075000000,0.2762778565871963,9848000000,0.22532375417562805,-389000000.0,6055000000.0,0.1385393309843042,677000000.0,5378000000.0,0.12304946689241751,0.6142074006395615,0.6142074006395615,8756000000,8756000000,https://www.bundesanzeiger.de/pub/de/suche;wwwsid=627BFD7A56A5CB624C47FDDEAB2FC509.web07-pub?0,https://www.bundesanzeiger.de/pub/de/suche;wwwsid=627BFD7A56A5CB624C47FDDEAB2FC509.web07-pub?0,1620592461,16:34:21,20210509
66,2004-09-30,GEC.DE,USD,2004-09-30,2004-09-30,Q3,38272000000,15927000000.0,22345000000.0,0.5838471989966555,0.0,13259000000.0,0.0,0.0,14044000000.0,29971000000.0,2943000000.0,2104000000.0,10405000000,0.27186977424749165,8301000000,0.21689485785953178,-269000000.0,5089000000.0,0.13296927257525085,1038000000.0,4051000000.0,0.10584761705685619,0.3833995835699413,0.3818096135721018,10566000000,10610000000,https://www.bundesanzeiger.de/pub/de/suche;wwwsid=627BFD7A56A5CB624C47FDDEAB2FC509.web07-pub?0,https://www.bundesanzeiger.de/pub/de/suche;wwwsid=627BFD7A56A5CB624C47FDDEAB2FC509.web07-pub?0,1620592461,16:34:21,20210509
67,2004-06-30,GEC.DE,USD,2004-06-30,2004-06-30,Q2,37035000000,15125000000.0,21910000000.0,0.5916025381395976,0.0,13229000000.0,0.0,0.0,14233000000.0,29358000000.0,2750000000.0,2057000000.0,9734000000,0.2628324557850682,7677000000,0.20729040097205345,-187000000.0,4740000000.0,0.1279870392871608,816000000.0,3924000000.0,0.10595382746051032,0.37777991720419757,0.37618636755823986,10387000000,10431000000,https://www.bundesanzeiger.de/pub/de/suche;wwwsid=627BFD7A56A5CB624C47FDDEAB2FC509.web07-pub?0,https://www.bundesanzeiger.de/pub/de/suche;wwwsid=627BFD7A56A5CB624C47FDDEAB2FC509.web07-pub?0,1620592461,16:34:21,20210509
68,2004-03-31,GEC.DE,USD,2004-03-31,2004-03-31,Q1,33350000000,12618000000.0,20732000000.0,0.6216491754122938,0.0,12638000000.0,0.0,0.0,13593000000.0,26211000000.0,2646000000.0,1997000000.0,9136000000,0.27394302848575713,7139000000,0.21406296851574214,-271000000.0,4222000000.0,0.1265967016491754,982000000.0,3240000000.0,0.09715142428785607,0.3195581418285827,0.31808364421755353,10139000000,10186000000,https://www.bundesanzeiger.de/pub/de/suche;wwwsid=627BFD7A56A5CB624C47FDDEAB2FC509.web07-pub?0,https://www.bundesanzeiger.de/pub/de/suche;wwwsid=627BFD7A56A5CB624C47FDDEAB2FC509.web07-pub?0,1620592461,16:34:21,20210509
69,2003-12-31,GEC.DE,USD,2003-12-31,2003-12-31,Q4,36964000000,15211000000.0,21753000000.0,0.5884915052483497,0.0,12279000000.0,0.0,0.0,13232000000.0,28443000000.0,2622000000.0,1832000000.0,10353000000,0.2800833243155503,8521000000,0.2305215885726653,-374000000.0,5525000000.0,0.14946975435558923,965000000.0,4560000000.0,0.1233632723731198,0.5207857469164002,0.5207857469164002,8756000000,8756000000,https://www.bundesanzeiger.de/pub/de/suche;wwwsid=627BFD7A56A5CB624C47FDDEAB2FC509.web07-pub?0,https://www.bundesanzeiger.de/pub/de/suche;wwwsid=627BFD7A56A5CB624C47FDDEAB2FC509.web07-pub?0,1620592461,16:34:21,20210509
70,2003-09-30,GEC.DE,USD,2003-09-30,2003-09-30,Q3,33394000000,12289000000.0,21105000000.0,0.6319997604360065,0.0,12112000000.0,0.0,0.0,13173000000.0,25462000000.0,2531000000.0,1741000000.0,9673000000,0.289662813679104,7932000000,0.2375276995867521,-281000000.0,5120000000.0,0.1533209558603342,1099000000.0,3649000000.0,0.10927112654967959,0.3637723058518592,0.36182449181953397,10031000000,10085000000,https://www.bundesanzeiger.de/pub/de/suche;wwwsid=627BFD7A56A5CB624C47FDDEAB2FC509.web07-pub?0,https://www.bundesanzeiger.de/pub/de/suche;wwwsid=627BFD7A56A5CB624C47FDDEAB2FC509.web07-pub?0,1620592461,16:34:21,20210509
71,2003-06-30,GEC.DE,USD,2003-06-30,2003-06-30,Q2,33373000000,12425000000.0,20948000000.0,0.6276930452761215,0.0,12205000000.0,0.0,0.0,13183000000.0,25608000000.0,2683000000.0,1855000000.0,9620000000,0.2882569742007012,7765000000,0.2326731189884038,-72000000.0,5010000000.0,0.15012135558685163,1216000000.0,3794000000.0,0.11368471518892517,0.37909672262190247,0.3769123783031989,10008000000,10066000000,https://www.bundesanzeiger.de/pub/de/suche;wwwsid=627BFD7A56A5CB624C47FDDEAB2FC509.web07-pub?0,https://www.bundesanzeiger.de/pub/de/suche;wwwsid=627BFD7A56A5CB624C47FDDEAB2FC509.web07-pub?0,1620592461,16:34:21,20210509
72,2003-03-31,GEC.DE,USD,2003-03-31,2003-03-31,Q1,30319000000,11281000000.0,19038000000.0,0.6279230845344503,0.0,11361000000.0,0.0,0.0,12123000000.0,23404000000.0,2596000000.0,1528000000.0,8443000000,0.2784722451268182,6915000000,0.2280748045779874,-70000000.0,4249000000.0,0.1401431445628154,1035000000.0,2999000000.0,0.09891487186252845,0.30041069818691774,0.2985862206292314,9983000000,10044000000,https://www.bundesanzeiger.de/pub/de/suche;wwwsid=627BFD7A56A5CB624C47FDDEAB2FC509.web07-pub?0,https://www.bundesanzeiger.de/pub/de/suche;wwwsid=627BFD7A56A5CB624C47FDDEAB2FC509.web07-pub?0,1620592461,16:34:21,20210509
73,2002-12-31,GEC.DE,USD,2002-12-31,2002-12-31,Q4,35378000000,14404000000.0,20974000000.0,0.5928543162417321,0.0,14259000000.0,0.0,0.0,15259000000.0,29663000000.0,2626000000.0,1709000000.0,7424000000,0.20984792809090394,5715000000,0.16154107072191756,-76000000.0,3013000000.0,0.08516592232460851,-89000000.0,3102000000.0,0.08768161004013794,0.3542713567839196,0.3542713567839196,8756000000,8756000000,https://www.bundesanzeiger.de/pub/de/suche;wwwsid=627BFD7A56A5CB624C47FDDEAB2FC509.web07-pub?0,https://www.bundesanzeiger.de/pub/de/suche;wwwsid=627BFD7A56A5CB624C47FDDEAB2FC509.web07-pub?0,1620592461,16:34:21,20210509
74,2002-09-30,GEC.DE,USD,2002-09-30,2002-09-30,Q3,32585000000,12240000000.0,20345000000.0,0.6243670400491024,0.0,11584000000.0,0.0,0.0,12224000000.0,24464000000.0,2773000000.0,1559000000.0,9680000000,0.29706920362129813,8121000000,0.2492251035752647,-84000000.0,5264000000.0,0.161546723952739,1177000000.0,4087000000.0,0.12542580942151296,0.4107124912069139,0.4080063891384646,9951000000,10017000000,https://www.bundesanzeiger.de/pub/de/suche;wwwsid=627BFD7A56A5CB624C47FDDEAB2FC509.web07-pub?0,https://www.bundesanzeiger.de/pub/de/suche;wwwsid=627BFD7A56A5CB624C47FDDEAB2FC509.web07-pub?0,1620592461,16:34:21,20210509
75,2002-06-30,GEC.DE,USD,2002-06-30,2002-06-30,Q2,33214000000,13865000000.0,19349000000.0,0.5825555488649364,0.0,10424000000.0,0.0,0.0,11209000000.0,25074000000.0,2443000000.0,1427000000.0,9567000000,0.2880411874510748,8140000000,0.2450773770096947,-90000000.0,5607000000.0,0.16881435539230444,1181000000.0,4426000000.0,0.13325706027578732,0.4451820559243613,0.44132017150264236,9942000000,10029000000,https://www.bundesanzeiger.de/pub/de/suche;wwwsid=627BFD7A56A5CB624C47FDDEAB2FC509.web07-pub?0,https://www.bundesanzeiger.de/pub/de/suche;wwwsid=627BFD7A56A5CB624C47FDDEAB2FC509.web07-pub?0,1620592461,16:34:21,20210509
76,2002-03-31,GEC.DE,USD,2002-03-31,2002-03-31,Q1,30521000000,12347000000.0,18174000000.0,0.5954588643884539,0.0,10055000000.0,0.0,0.0,10717000000.0,23064000000.0,2374000000.0,1303000000.0,8760000000,0.28701549752629335,7457000000,0.24432358048556732,-76000000.0,5007000000.0,0.16405098129156973,1489000000.0,2503000000.0,0.08200910848268406,0.2520390695801027,0.24947672680155486,9931000000,10033000000,https://www.bundesanzeiger.de/pub/de/suche;wwwsid=627BFD7A56A5CB624C47FDDEAB2FC509.web07-pub?0,https://www.bundesanzeiger.de/pub/de/suche;wwwsid=627BFD7A56A5CB624C47FDDEAB2FC509.web07-pub?0,1620592461,16:34:21,20210509
77,2001-12-31,GEC.DE,USD,2001-12-31,2001-12-31,Q4,33975000000,12854000000.0,21121000000.0,0.6216629874908021,0.0,12114000000.0,0.0,0.0,13049000000.0,25903000000.0,2639000000.0,1818000000.0,9890000000,0.29109639440765267,8072000000,0.23758646063281824,-86000000.0,5347000000.0,0.15738042678440028,1414000000.0,3933000000.0,0.1157615894039735,0.44917770671539514,0.44917770671539514,8756000000,8756000000,https://www.bundesanzeiger.de/pub/de/suche;wwwsid=627BFD7A56A5CB624C47FDDEAB2FC509.web07-pub?0,https://www.bundesanzeiger.de/pub/de/suche;wwwsid=627BFD7A56A5CB624C47FDDEAB2FC509.web07-pub?0,1620592461,16:34:21,20210509
78,2001-09-30,GEC.DE,USD,2001-09-30,2001-09-30,Q3,29468000000,11741000000.0,17727000000.0,0.6015678023618841,0.0,10057000000.0,0.0,0.0,10624000000.0,22365000000.0,2640000000.0,1883000000.0,8986000000,0.3049409528980589,7103000000,0.2410411293606624,-59000000.0,4404000000.0,0.14945025111985882,1123000000.0,3281000000.0,0.11134111578661599,0.3303130977549582,0.3266301642608263,9933000000,10045000000,https://www.bundesanzeiger.de/pub/de/suche;wwwsid=627BFD7A56A5CB624C47FDDEAB2FC509.web07-pub?0,https://www.bundesanzeiger.de/pub/de/suche;wwwsid=627BFD7A56A5CB624C47FDDEAB2FC509.web07-pub?0,1620592461,16:34:21,20210509
79,2001-06-30,GEC.DE,USD,2001-06-30,2001-06-30,Q2,31977000000,12709000000.0,19268000000.0,0.6025580886262001,0.0,10468000000.0,0.0,0.0,10964000000.0,23673000000.0,2707000000.0,1740000000.0,10044000000,0.31410075992119335,8304000000,0.25968664977952904,-101000000.0,5496000000.0,0.17187353410263628,1599000000.0,3897000000.0,0.12186884323107233,0.39221014492753625,0.3871833084947839,9936000000,10065000000,https://www.bundesanzeiger.de/pub/de/suche;wwwsid=627BFD7A56A5CB624C47FDDEAB2FC509.web07-pub?0,https://www.bundesanzeiger.de/pub/de/suche;wwwsid=627BFD7A56A5CB624C47FDDEAB2FC509.web07-pub?0,1620592461,16:34:21,20210509
80,2001-03-31,GEC.DE,USD,2001-03-31,2001-03-31,Q1,30493000000,11793000000.0,18700000000.0,0.6132555012625849,0.0,10585000000.0,0.0,0.0,11068000000.0,22861000000.0,3076000000.0,1648000000.0,9280000000,0.30433214180303675,7632000000,0.25028695110353194,-102000000.0,4454000000.0,0.14606631030072476,1437000000.0,2573000000.0,0.08438002164431181,0.2590094624521844,0.2555875633257177,9934000000,10067000000,https://www.bundesanzeiger.de/pub/de/suche;wwwsid=627BFD7A56A5CB624C47FDDEAB2FC509.web07-pub?0,https://www.bundesanzeiger.de/pub/de/suche;wwwsid=627BFD7A56A5CB624C47FDDEAB2FC509.web07-pub?0,1620592461,16:34:21,20210509
81,2000-12-31,GEC.DE,USD,2000-12-31,2000-12-31,Q4,34981000000,13697000000.0,21284000000.0,0.608444584202853,0.0,12449000000.0,0.0,0.0,13089000000.0,26786000000.0,3065000000.0,1977000000.0,10172000000,0.2907864269174695,8195000000,0.23427003230325033,-122000000.0,5008000000.0,0.14316343157714187,1423000000.0,3585000000.0,0.10248420571167205,0.4094335312928278,0.4094335312928278,8756000000,8756000000,https://www.bundesanzeiger.de/pub/de/suche;wwwsid=627BFD7A56A5CB624C47FDDEAB2FC509.web07-pub?0,https://www.bundesanzeiger.de/pub/de/suche;wwwsid=627BFD7A56A5CB624C47FDDEAB2FC509.web07-pub?0,1620592461,16:34:21,20210509
82,2000-09-30,GEC.DE,USD,2000-09-30,2000-09-30,Q3,32014000000,13059000000.0,18955000000.0,0.5920847129380896,0.0,10993000000.0,0.0,0.0,11456000000.0,24515000000.0,2859000000.0,1866000000.0,9365000000,0.29252826888236394,7499000000,0.23424126944461798,-110000000.0,4530000000.0,0.14150059349034796,1350000000.0,3180000000.0,0.09933154245017804,0.3210175651120533,0.31585220500595945,9906000000,10068000000,https://www.bundesanzeiger.de/pub/de/suche;wwwsid=627BFD7A56A5CB624C47FDDEAB2FC509.web07-pub?0,https://www.bundesanzeiger.de/pub/de/suche;wwwsid=627BFD7A56A5CB624C47FDDEAB2FC509.web07-pub?0,1620592461,16:34:21,20210509
83,2000-06-30,GEC.DE,USD,2000-06-30,2000-06-30,Q2,32862000000,13207000000.0,19655000000.0,0.5981072363215872,0.0,11224000000.0,0.0,0.0,11645000000.0,24852000000.0,3014000000.0,1918000000.0,9928000000,0.3021118617247885,8010000000,0.24374657659302537,-97000000.0,4899000000.0,0.1490779623881687,1521000000.0,3378000000.0,0.10279350009129085,0.3414880711686211,0.33591885441527447,9892000000,10056000000,https://www.bundesanzeiger.de/pub/de/suche;wwwsid=627BFD7A56A5CB624C47FDDEAB2FC509.web07-pub?0,https://www.bundesanzeiger.de/pub/de/suche;wwwsid=627BFD7A56A5CB624C47FDDEAB2FC509.web07-pub?0,1620592461,16:34:21,20210509
84,2000-03-31,GEC.DE,USD,2000-03-31,2000-03-31,Q1,29925000000,11860000000.0,18065000000.0,0.6036758563074353,0.0,2930000000.0,0.0,-7796000000.0,3380000000.0,15240000000.0,2782000000.0,1975000000.0,16660000000,0.5567251461988304,14685000000,0.4907268170426065,-7894000000.0,4009000000.0,0.13396825396825396,1417000000.0,2592000000.0,0.08661654135338345,0.26261398176291795,0.2583989632140365,9870000000,10031000000,https://www.bundesanzeiger.de/pub/de/suche;wwwsid=627BFD7A56A5CB624C47FDDEAB2FC509.web07-pub?0,https://www.bundesanzeiger.de/pub/de/suche;wwwsid=627BFD7A56A5CB624C47FDDEAB2FC509.web07-pub?0,1620592461,16:34:21,20210509
85,1999-12-31,GEC.DE,USD,1999-12-31,1999-12-31,Q4,32453000000,12203000000.0,20250000000.0,0.6239792931316057,0.0,11401000000.0,0.0,0.0,13235000000.0,25438000000.0,0.0,1834000000.0,8849000000,0.27267124765044837,7015000000,0.21615875265768958,402000000.0,4415000000.0,0.13604289279881676,1326000000.0,3089000000.0,0.09518380427079161,0.3527866605756053,0.3527866605756053,8756000000,8756000000,https://www.bundesanzeiger.de/pub/de/suche;wwwsid=627BFD7A56A5CB624C47FDDEAB2FC509.web07-pub?0,https://www.bundesanzeiger.de/pub/de/suche;wwwsid=627BFD7A56A5CB624C47FDDEAB2FC509.web07-pub?0,1620592461,16:34:21,20210509
86,1999-09-30,GEC.DE,USD,1999-09-30,1999-09-30,Q3,27112000000,9522000000.0,17590000000.0,0.6487902035998819,0.0,9638000000.0,0.0,0.0,11313000000.0,20835000000.0,0.0,1675000000.0,7952000000,0.2933018589554441,6277000000,0.2315210976689289,88000000.0,3818000000.0,0.14082325169666568,1165000000.0,2653000000.0,0.09785334907052227,0.26934420321121644,0.265061206359191,9849850000,10009009000,https://www.bundesanzeiger.de/pub/de/suche;wwwsid=627BFD7A56A5CB624C47FDDEAB2FC509.web07-pub?0,https://www.bundesanzeiger.de/pub/de/suche;wwwsid=627BFD7A56A5CB624C47FDDEAB2FC509.web07-pub?0,1620592461,16:34:21,20210509
87,1999-06-30,GEC.DE,USD,1999-06-30,1999-06-30,Q2,27205000000,9488000000.0,17717000000.0,0.6512405807755928,0.0,9641000000.0,0.0,0.0,11310000000.0,20798000000.0,0.0,1669000000.0,8076000000,0.2968571953684984,6407000000,0.2355081786436317,205000000.0,4100000000.0,0.1507075905164492,1280000000.0,2820000000.0,0.10365741591619188,0.86,0.85,9840841000,10003003000,https://www.bundesanzeiger.de/pub/de/suche;wwwsid=627BFD7A56A5CB624C47FDDEAB2FC509.web07-pub?0,https://www.bundesanzeiger.de/pub/de/suche;wwwsid=627BFD7A56A5CB624C47FDDEAB2FC509.web07-pub?0,1620592461,16:34:21,20210509
88,1999-03-31,GEC.DE,USD,1999-03-31,1999-03-31,Q1,24062000000,8054000000.0,16008000000.0,0.6652813564957194,0.0,9037000000.0,0.0,0.0,10550000000.0,18604000000.0,0.0,1513000000.0,6971000000,0.28970991605020363,5458000000,0.22683068739090684,103000000.0,3244000000.0,0.1348183858365888,1089000000.0,2155000000.0,0.08956030255174134,0.2193199838873597,0.2156943190119979,9825826000,9990991000,https://www.bundesanzeiger.de/pub/de/suche;wwwsid=627BFD7A56A5CB624C47FDDEAB2FC509.web07-pub?0,https://www.bundesanzeiger.de/pub/de/suche;wwwsid=627BFD7A56A5CB624C47FDDEAB2FC509.web07-pub?0,1620592461,16:34:21,20210509
89,1998-12-31,GEC.DE,USD,1998-12-31,1998-12-31,Q4,28455000000,9447000000.0,19008000000.0,0.6680021085925145,0.0,10042000000.0,0.0,0.0,12667000000.0,22114000000.0,0.0,2625000000.0,8966000000,0.31509400808293797,6341000000,0.22284308557371288,182000000.0,3629000000.0,0.12753470391846775,958000000.0,2671000000.0,0.09386751010367246,0.3050479671082686,0.3050479671082686,8756000000,8756000000,https://www.bundesanzeiger.de/pub/de/suche;wwwsid=627BFD7A56A5CB624C47FDDEAB2FC509.web07-pub?0,https://www.bundesanzeiger.de/pub/de/suche;wwwsid=627BFD7A56A5CB624C47FDDEAB2FC509.web07-pub?0,1620592461,16:34:21,20210509
90,1998-09-30,GEC.DE,USD,1998-09-30,1998-09-30,Q3,23978000000,8907000000.0,15071000000.0,0.62853448994912,0.0,8249000000.0,0.0,0.0,9401000000.0,18308000000.0,0.0,1152000000.0,6822000000,0.2845108015681041,5670000000,0.2364667611977646,158000000.0,3399000000.0,0.14175494203019434,1115000000.0,2284000000.0,0.09525398281758278,0.23,0.23,9930434783,9930434783,https://www.bundesanzeiger.de/pub/de/suche;wwwsid=627BFD7A56A5CB624C47FDDEAB2FC509.web07-pub?0,https://www.bundesanzeiger.de/pub/de/suche;wwwsid=627BFD7A56A5CB624C47FDDEAB2FC509.web07-pub?0,1620592461,16:34:21,20210509
91,1998-06-30,GEC.DE,USD,1998-06-30,1998-06-30,Q2,24928000000,9678000000.0,15250000000.0,0.6117618741976893,0.0,8425000000.0,0.0,0.0,9431000000.0,19109000000.0,0.0,1006000000.0,6825000000,0.2737885109114249,5819000000,0.23343228498074453,142000000.0,3534000000.0,0.14176829268292682,1084000000.0,2450000000.0,0.09828305519897304,0.25,0.25,9800000000,9800000000,https://www.bundesanzeiger.de/pub/de/suche;wwwsid=627BFD7A56A5CB624C47FDDEAB2FC509.web07-pub?0,https://www.bundesanzeiger.de/pub/de/suche;wwwsid=627BFD7A56A5CB624C47FDDEAB2FC509.web07-pub?0,1620592461,16:34:21,20210509
92,1998-03-31,GEC.DE,USD,1998-03-31,1998-03-31,Q1,22459000000,8388000000.0,14071000000.0,0.6265194354156463,0.0,7978000000.0,0.0,0.0,9055000000.0,17443000000.0,0.0,1077000000.0,6093000000,0.2712943586090209,5016000000,0.22334030900752483,167000000.0,2915000000.0,0.12979206554165368,1024000000.0,1891000000.0,0.0841978716772786,0.19,0.19,9952631579,9952631579,https://www.bundesanzeiger.de/pub/de/suche;wwwsid=627BFD7A56A5CB624C47FDDEAB2FC509.web07-pub?0,https://www.bundesanzeiger.de/pub/de/suche;wwwsid=627BFD7A56A5CB624C47FDDEAB2FC509.web07-pub?0,1620592461,16:34:21,20210509
93,1997-12-31,GEC.DE,USD,1997-12-31,1997-12-31,Q4,24876000000,14476000000.0,10400000000.0,0.4180736452805917,0.0,6214000000.0,0.0,0.0,7316000000.0,21792000000.0,0.0,1102000000.0,4186000000,0.16827464222543817,3084000000,0.12397491558128317,1819000000.0,2525000000.0,0.10150345714745136,175000000.0,2350000000.0,0.09446856407782601,0.2683873915029694,0.2683873915029694,8756000000,8756000000,https://www.bundesanzeiger.de/pub/de/suche;wwwsid=627BFD7A56A5CB624C47FDDEAB2FC509.web07-pub?0,https://www.bundesanzeiger.de/pub/de/suche;wwwsid=627BFD7A56A5CB624C47FDDEAB2FC509.web07-pub?0,1620592461,16:34:21,20210509
94,1997-09-30,GEC.DE,USD,1997-09-30,1997-09-30,Q3,21806000000,7248000000.0,14558000000.0,0.6676144180500779,0.0,8643000000.0,0.0,0.0,9692000000.0,16940000000.0,0.0,1049000000.0,5915000000,0.2712556177198936,4866000000,0.22314959185545263,185000000.0,2864000000.0,0.13133999816564249,850000000.0,2014000000.0,0.09235990094469412,0.21,0.2,9590476190,10070000000,https://www.bundesanzeiger.de/pub/de/suche;wwwsid=627BFD7A56A5CB624C47FDDEAB2FC509.web07-pub?0,https://www.bundesanzeiger.de/pub/de/suche;wwwsid=627BFD7A56A5CB624C47FDDEAB2FC509.web07-pub?0,1620592461,16:34:21,20210509
95,1997-06-30,GEC.DE,USD,1997-06-30,1997-06-30,Q2,21860000000,7715000000.0,14145000000.0,0.6470722781335773,0.0,7999000000.0,0.0,0.0,8978000000.0,16693000000.0,0.0,979000000.0,6146000000,0.28115279048490394,5167000000,0.23636779505946934,137000000.0,3231000000.0,0.14780420860018298,1069000000.0,2162000000.0,0.0989021043000915,0.22,0.22,9827272727,9827272727,https://www.bundesanzeiger.de/pub/de/suche;wwwsid=627BFD7A56A5CB624C47FDDEAB2FC509.web07-pub?0,https://www.bundesanzeiger.de/pub/de/suche;wwwsid=627BFD7A56A5CB624C47FDDEAB2FC509.web07-pub?0,1620592461,16:34:21,20210509
96,1997-03-31,GEC.DE,USD,1997-03-31,1997-03-31,Q1,19998000000,6567000000.0,13431000000.0,0.6716171617161716,0.0,8093000000.0,0.0,0.0,9045000000.0,15612000000.0,0.0,952000000.0,5338000000,0.26692669266926694,4386000000,0.21932193219321933,159000000.0,2559000000.0,0.12796279627962795,882000000.0,1677000000.0,0.08385838583858386,0.17,0.17,9864705882,9864705882,https://www.bundesanzeiger.de/pub/de/suche;wwwsid=627BFD7A56A5CB624C47FDDEAB2FC509.web07-pub?0,https://www.bundesanzeiger.de/pub/de/suche;wwwsid=627BFD7A56A5CB624C47FDDEAB2FC509.web07-pub?0,1620592461,16:34:21,20210509
97,1996-12-31,GEC.DE,USD,1996-12-31,1996-12-31,Q4,22848000000,8558000000.0,14290000000.0,0.625437675070028,0.0,8227000000.0,0.0,0.0,9216000000.0,17774000000.0,0.0,989000000.0,6063000000,0.2653623949579832,5074000000,0.22207633053221287,146000000.0,2955000000.0,0.12933298319327732,888000000.0,2067000000.0,0.09046743697478991,0.2360666971219735,0.2360666971219735,8756000000,8756000000,https://www.bundesanzeiger.de/pub/de/suche;wwwsid=627BFD7A56A5CB624C47FDDEAB2FC509.web07-pub?0,https://www.bundesanzeiger.de/pub/de/suche;wwwsid=627BFD7A56A5CB624C47FDDEAB2FC509.web07-pub?0,1620592461,16:34:21,20210509
98,1996-09-30,GEC.DE,USD,1996-09-30,1996-09-30,Q3,19861000000,7415000000.0,12446000000.0,0.6266552540154071,0.0,6944000000.0,0.0,0.0,7916000000.0,15331000000.0,0.0,972000000.0,5502000000,0.27702532601580987,4530000000,0.22808519208499067,160000000.0,2698000000.0,0.13584411661044257,910000000.0,1788000000.0,0.09002567846533407,0.18,0.18,9933333333,9933333333,https://www.bundesanzeiger.de/pub/de/suche;wwwsid=627BFD7A56A5CB624C47FDDEAB2FC509.web07-pub?0,https://www.bundesanzeiger.de/pub/de/suche;wwwsid=627BFD7A56A5CB624C47FDDEAB2FC509.web07-pub?0,1620592461,16:34:21,20210509
99,1996-06-30,GEC.DE,USD,1996-06-30,1996-06-30,Q2,18901000000,7072000000.0,11829000000.0,0.6258399026506534,0.0,6246000000.0,0.0,0.0,7178000000.0,14250000000.0,0.0,932000000.0,5583000000,0.2953811967620761,4651000000,0.24607163642135338,165000000.0,2835000000.0,0.14999206391196232,927000000.0,1908000000.0,0.10094703983916195,0.19,0.19,10042105263,10042105263,https://www.bundesanzeiger.de/pub/de/suche;wwwsid=627BFD7A56A5CB624C47FDDEAB2FC509.web07-pub?0,https://www.bundesanzeiger.de/pub/de/suche;wwwsid=627BFD7A56A5CB624C47FDDEAB2FC509.web07-pub?0,1620592461,16:34:21,20210509
100,1996-03-31,GEC.DE,USD,1996-03-31,1996-03-31,Q1,16931000000,6041000000.0,10890000000.0,0.6431988659854705,0.0,5912000000.0,0.0,0.0,6804000000.0,12845000000.0,0.0,892000000.0,4978000000,0.29401689209142995,4086000000,0.24133246707223435,167000000.0,2318000000.0,0.13690862914181087,801000000.0,1517000000.0,0.08959896048668124,0.15,0.15,10113333333,10113333333,https://www.bundesanzeiger.de/pub/de/suche;wwwsid=627BFD7A56A5CB624C47FDDEAB2FC509.web07-pub?0,https://www.bundesanzeiger.de/pub/de/suche;wwwsid=627BFD7A56A5CB624C47FDDEAB2FC509.web07-pub?0,1620592461,16:34:21,20210509
101,1995-12-31,GEC.DE,USD,1995-12-31,1995-12-31,Q4,19547000000,8036000000.0,11511000000.0,0.5888883204583824,0.0,6104000000.0,0.0,0.0,7082000000.0,15118000000.0,0.0,978000000.0,5407000000,0.2766153373919272,4429000000,0.22658208420729523,205000000.0,2672000000.0,0.1366961682099555,807000000.0,1865000000.0,0.09541106052079602,0.21299680219278208,0.21299680219278208,8756000000,8756000000,https://www.bundesanzeiger.de/pub/de/suche;wwwsid=627BFD7A56A5CB624C47FDDEAB2FC509.web07-pub?0,https://www.bundesanzeiger.de/pub/de/suche;wwwsid=627BFD7A56A5CB624C47FDDEAB2FC509.web07-pub?0,1620592461,16:34:21,20210509
102,1995-09-30,GEC.DE,USD,1995-09-30,1995-09-30,Q3,17151000000,6423000000.0,10728000000.0,0.6255028861290887,0.0,5715000000.0,0.0,0.0,6574000000.0,12997000000.0,0.0,859000000.0,5013000000,0.29228616407206576,4154000000,0.24220162089674072,190000000.0,2393000000.0,0.1395253921054166,783000000.0,1610000000.0,0.09387207742988747,0.16,0.16,10062500000,10062500000,https://www.bundesanzeiger.de/pub/de/suche;wwwsid=627BFD7A56A5CB624C47FDDEAB2FC509.web07-pub?0,https://www.bundesanzeiger.de/pub/de/suche;wwwsid=627BFD7A56A5CB624C47FDDEAB2FC509.web07-pub?0,1620592461,16:34:21,20210509
103,1995-06-30,GEC.DE,USD,1995-06-30,1995-06-30,Q2,17630000000,7090000000.0,10540000000.0,0.5978445830969937,0.0,5358000000.0,0.0,0.0,6253000000.0,13343000000.0,0.0,895000000.0,5182000000,0.29393079977311404,4287000000,0.2431650595575723,179000000.0,2590000000.0,0.14690867838910948,864000000.0,1726000000.0,0.0979013045944413,0.17,0.17,10152941176,10152941176,https://www.bundesanzeiger.de/pub/de/suche;wwwsid=627BFD7A56A5CB624C47FDDEAB2FC509.web07-pub?0,https://www.bundesanzeiger.de/pub/de/suche;wwwsid=627BFD7A56A5CB624C47FDDEAB2FC509.web07-pub?0,1620592461,16:34:21,20210509
104,1995-03-31,GEC.DE,USD,1995-03-31,1995-03-31,Q1,14948000000,5827000000.0,9121000000.0,0.6101819641423601,0.0,4654000000.0,0.0,0.0,5516000000.0,11343000000.0,0.0,862000000.0,4467000000,0.29883596467754886,3605000000,0.24116938720899117,178000000.0,2082000000.0,0.1392828472036393,710000000.0,1372000000.0,0.09178485416109179,0.14,0.14,9800000000,9800000000,https://www.bundesanzeiger.de/pub/de/suche;wwwsid=627BFD7A56A5CB624C47FDDEAB2FC509.web07-pub?0,https://www.bundesanzeiger.de/pub/de/suche;wwwsid=627BFD7A56A5CB624C47FDDEAB2FC509.web07-pub?0,1620592461,16:34:21,20210509
105,1994-12-31,GEC.DE,USD,1994-12-31,1994-12-31,Q4,13314000000,7908000000.0,5406000000.0,0.4060387561964849,0.0,3938000000.0,0.0,0.0,4821000000.0,12729000000.0,0.0,883000000.0,1468000000,0.11025987682139102,585000000,0.04393871113114015,264000000.0,2976000000.0,0.2235241099594412,1019000000.0,768000000.0,0.05768364127985579,0.0877112836911832,0.0877112836911832,8756000000,8756000000,https://www.bundesanzeiger.de/pub/de/suche;wwwsid=627BFD7A56A5CB624C47FDDEAB2FC509.web07-pub?0,https://www.bundesanzeiger.de/pub/de/suche;wwwsid=627BFD7A56A5CB624C47FDDEAB2FC509.web07-pub?0,1620592461,16:34:21,20210509
106,1994-09-30,GEC.DE,USD,1994-09-30,1994-09-30,Q3,15963000000,6122000000.0,9841000000.0,0.616488128797845,0.0,4662000000.0,0.0,0.0,5465000000.0,11587000000.0,0.0,803000000.0,5179000000,0.3244377623253774,4376000000,0.27413393472404934,190000000.0,1938000000.0,0.12140575079872204,570000000.0,1368000000.0,0.08569817703439203,0.13,0.13,10523076923,10523076923,https://www.bundesanzeiger.de/pub/de/suche;wwwsid=627BFD7A56A5CB624C47FDDEAB2FC509.web07-pub?0,https://www.bundesanzeiger.de/pub/de/suche;wwwsid=627BFD7A56A5CB624C47FDDEAB2FC509.web07-pub?0,1620592461,16:34:21,20210509
107,1994-06-30,GEC.DE,USD,1994-06-30,1994-06-30,Q2,16018000000,6489000000.0,9529000000.0,0.5948932450992633,0.0,4383000000.0,0.0,0.0,5170000000.0,11659000000.0,0.0,787000000.0,5146000000,0.3212635784742165,4359000000,0.2721313522287427,178000000.0,2229000000.0,0.13915594955674865,707000000.0,1522000000.0,0.09501810463228867,0.15,0.15,10146666667,10146666667,https://www.bundesanzeiger.de/pub/de/suche;wwwsid=627BFD7A56A5CB624C47FDDEAB2FC509.web07-pub?0,https://www.bundesanzeiger.de/pub/de/suche;wwwsid=627BFD7A56A5CB624C47FDDEAB2FC509.web07-pub?0,1620592461,16:34:21,20210509
108,1994-03-31,GEC.DE,USD,1994-03-31,1994-03-31,Q1,14021000000,5236000000.0,8785000000.0,0.6265601597603595,0.0,4384000000.0,0.0,0.0,5118000000.0,10354000000.0,0.0,734000000.0,4401000000,0.31388631338706224,3667000000,0.2615362670280294,161000000.0,1518000000.0,0.10826617217031595,450000000.0,1068000000.0,0.07617145710006419,0.1,0.1,10680000000,10680000000,https://www.bundesanzeiger.de/pub/de/suche;wwwsid=627BFD7A56A5CB624C47FDDEAB2FC509.web07-pub?0,https://www.bundesanzeiger.de/pub/de/suche;wwwsid=627BFD7A56A5CB624C47FDDEAB2FC509.web07-pub?0,1620592461,16:34:21,20210509
109,1993-12-31,GEC.DE,USD,1993-12-31,1993-12-31,Q4,17892000000,11891000000.0,6001000000.0,0.3354012966689023,0.0,1366000000.0,0.0,0.0,2397000000.0,14288000000.0,0.0,1031000000.0,4635000000,0.2590543259557344,3604000000,0.2014308070646099,195000000.0,2084000000.0,0.11647663760339817,607000000.0,1477000000.0,0.0825508607198748,0.16868433074463227,0.16868433074463227,8756000000,8756000000,https://www.bundesanzeiger.de/pub/de/suche;wwwsid=627BFD7A56A5CB624C47FDDEAB2FC509.web07-pub?0,https://www.bundesanzeiger.de/pub/de/suche;wwwsid=627BFD7A56A5CB624C47FDDEAB2FC509.web07-pub?0,1620592461,16:34:21,20210509
110,1993-09-30,GEC.DE,USD,1993-09-30,1993-09-30,Q3,14669000000,9117700000.0,5551300000.0,0.378437521303429,0.0,1009000000.0,0.0,0.0,1752300000.0,10870000000.0,0.0,788000000.0,4587000000,0.31270025223259934,3799000000,0.2589815256663713,189000000.0,1910000000.0,0.13020655804758333,704000000.0,1206000000.0,0.08221419319653692,0.12,0.12,10050000000,10050000000,https://www.bundesanzeiger.de/pub/de/suche;wwwsid=627BFD7A56A5CB624C47FDDEAB2FC509.web07-pub?0,https://www.bundesanzeiger.de/pub/de/suche;wwwsid=627BFD7A56A5CB624C47FDDEAB2FC509.web07-pub?0,1620592461,16:34:21,20210509
111,1993-06-30,GEC.DE,USD,1993-06-30,1993-06-30,Q2,14566000000,7075000000.0,7491000000.0,0.5142798297404916,0.0,4229000000.0,0.0,0.0,4950000000.0,12025000000.0,0.0,734000000.0,3275000000,0.2248386653851435,2541000000,0.17444734312783194,195000000.0,978000000.0,0.06714266099134972,322000000.0,1334000000.0,0.0915831388164218,0.14,0.14,9528571429,9528571429,https://www.bundesanzeiger.de/pub/de/suche;wwwsid=627BFD7A56A5CB624C47FDDEAB2FC509.web07-pub?0,https://www.bundesanzeiger.de/pub/de/suche;wwwsid=627BFD7A56A5CB624C47FDDEAB2FC509.web07-pub?0,1620592461,16:34:21,20210509
112,1993-03-31,GEC.DE,USD,1993-03-31,1993-03-31,Q1,12700000000,5178000000.0,7522000000.0,0.5922834645669292,0.0,3778000000.0,0.0,0.0,4486000000.0,9664000000.0,0.0,708000000.0,3744000000,0.2948031496062992,3036000000,0.23905511811023622,156000000.0,1603000000.0,0.1262204724409449,518000000.0,1160000000.0,0.09133858267716535,0.12,0.12,9666666667,9666666667,https://www.bundesanzeiger.de/pub/de/suche;wwwsid=627BFD7A56A5CB624C47FDDEAB2FC509.web07-pub?0,https://www.bundesanzeiger.de/pub/de/suche;wwwsid=627BFD7A56A5CB624C47FDDEAB2FC509.web07-pub?0,1620592461,16:34:21,20210509
113,1992-12-31,GEC.DE,USD,1992-12-31,1992-12-31,Q4,12582000000,4821000000.0,7761000000.0,0.6168335717691941,0.0,4158000000.0,0.0,0.0,4829000000.0,9650000000.0,0.0,671000000.0,3603000000,0.28636146876490226,2932000000,0.23303131457637896,126000000.0,1262000000.0,0.10030201875695438,341000000.0,1341000000.0,0.10658082975679542,0.1531521242576519,0.1531521242576519,8756000000,8756000000,https://www.bundesanzeiger.de/pub/de/suche;wwwsid=627BFD7A56A5CB624C47FDDEAB2FC509.web07-pub?0,https://www.bundesanzeiger.de/pub/de/suche;wwwsid=627BFD7A56A5CB624C47FDDEAB2FC509.web07-pub?0,1620592461,16:34:21,20210509
114,1992-09-30,GEC.DE,USD,1992-09-30,1992-09-30,Q3,15137000000,7264000000.0,7873000000.0,0.5201162713879897,0.0,4054000000.0,0.0,0.0,4841000000.0,12105000000.0,0.0,787000000.0,3819000000,0.25229569927991014,3032000000,0.20030389112770033,313000000.0,1630000000.0,0.10768316046772808,520000000.0,1110000000.0,0.0733302503798639,0.11,0.11,10090909091,10090909091,https://www.bundesanzeiger.de/pub/de/suche;wwwsid=627BFD7A56A5CB624C47FDDEAB2FC509.web07-pub?0,https://www.bundesanzeiger.de/pub/de/suche;wwwsid=627BFD7A56A5CB624C47FDDEAB2FC509.web07-pub?0,1620592461,16:34:21,20210509
115,1992-06-30,GEC.DE,USD,1992-06-30,1992-06-30,Q2,15188000000,7378000000.0,7810000000.0,0.5142217540163286,0.0,3799000000.0,0.0,0.0,4446000000.0,11824000000.0,0.0,647000000.0,4011000000,0.2640900711087701,3364000000,0.22149065051356334,202000000.0,1823000000.0,0.12002897023966289,607000000.0,1216000000.0,0.08006320779562813,0.12,0.12,10133333333,10133333333,https://www.bundesanzeiger.de/pub/de/suche;wwwsid=627BFD7A56A5CB624C47FDDEAB2FC509.web07-pub?0,https://www.bundesanzeiger.de/pub/de/suche;wwwsid=627BFD7A56A5CB624C47FDDEAB2FC509.web07-pub?0,1620592461,16:34:21,20210509
116,1992-03-31,GEC.DE,USD,1992-03-31,1992-03-31,Q1,13367000000,6099000000.0,7268000000.0,0.5437270891000224,0.0,3496000000.0,0.0,0.0,4209000000.0,10308000000.0,0.0,713000000.0,3772000000,0.28218747662153065,3059000000,0.22884716091868032,158000000.0,1558000000.0,0.11655569686541482,500000000.0,1058000000.0,0.07915014588164884,0.1,0.1,10580000000,10580000000,https://www.bundesanzeiger.de/pub/de/suche;wwwsid=627BFD7A56A5CB624C47FDDEAB2FC509.web07-pub?0,https://www.bundesanzeiger.de/pub/de/suche;wwwsid=627BFD7A56A5CB624C47FDDEAB2FC509.web07-pub?0,1620592461,16:34:21,20210509
117,1991-12-31,GEC.DE,USD,1991-12-31,1991-12-31,Q4,17349000000,9757000000.0,7592000000.0,0.43760447288028126,0.0,3352000000.0,0.0,0.0,4126000000.0,13883000000.0,0.0,774000000.0,4240000000,0.24439448959594212,3466000000,0.19978096720272062,202000000.0,1774000000.0,0.10225373220358522,511000000.0,-536000000.0,-0.03089515245835495,-0.06121516674280494,-0.06121516674280494,8756000000,8756000000,https://www.bundesanzeiger.de/pub/de/suche;wwwsid=627BFD7A56A5CB624C47FDDEAB2FC509.web07-pub?0,https://www.bundesanzeiger.de/pub/de/suche;wwwsid=627BFD7A56A5CB624C47FDDEAB2FC509.web07-pub?0,1620592461,16:34:21,20210509
118,1991-09-30,GEC.DE,USD,1991-09-30,1991-09-30,Q3,14290000000,7019000000.0,7271000000.0,0.5088173547935619,0.0,3475000000.0,0.0,0.0,4180000000.0,11199000000.0,0.0,705000000.0,3796000000,0.2656403079076277,3091000000,0.21630510846745976,288000000.0,1525000000.0,0.10671798460461862,483000000.0,1042000000.0,0.0729181245626312,0.1,0.1,10420000000,10420000000,https://www.bundesanzeiger.de/pub/de/suche;wwwsid=627BFD7A56A5CB624C47FDDEAB2FC509.web07-pub?0,https://www.bundesanzeiger.de/pub/de/suche;wwwsid=627BFD7A56A5CB624C47FDDEAB2FC509.web07-pub?0,1620592461,16:34:21,20210509
119,1991-06-30,GEC.DE,USD,1991-06-30,1991-06-30,Q2,14601000000,7089000000.0,7512000000.0,0.5144853092253955,0.0,3573000000.0,0.0,0.0,4241000000.0,11330000000.0,0.0,668000000.0,3939000000,0.26977604273679884,3271000000,0.22402575166084515,173000000.0,1649000000.0,0.11293747003629888,518000000.0,1131000000.0,0.0774604479145264,0.11,0.11,10281818182,10281818182,https://www.bundesanzeiger.de/pub/de/suche;wwwsid=627BFD7A56A5CB624C47FDDEAB2FC509.web07-pub?0,https://www.bundesanzeiger.de/pub/de/suche;wwwsid=627BFD7A56A5CB624C47FDDEAB2FC509.web07-pub?0,1620592461,16:34:21,20210509
120,1991-03-31,GEC.DE,USD,1991-03-31,1991-03-31,Q1,13139000000,5875000000.0,7264000000.0,0.5528579039500723,0.0,3352000000.0,0.0,0.0,4037000000.0,9912000000.0,0.0,685000000.0,3912000000,0.2977395539995433,3227000000,0.2456046883324454,194000000.0,1488000000.0,0.11325062790166679,489000000.0,999000000.0,0.07603318365172387,0.1,0.1,9990000000,9990000000,https://www.bundesanzeiger.de/pub/de/suche;wwwsid=627BFD7A56A5CB624C47FDDEAB2FC509.web07-pub?0,https://www.bundesanzeiger.de/pub/de/suche;wwwsid=627BFD7A56A5CB624C47FDDEAB2FC509.web07-pub?0,1620592461,16:34:21,20210509
121,1990-12-31,GEC.DE,USD,1990-12-31,1990-12-31,Q4,16967000000,8961000000.0,8006000000.0,0.4718571344374374,0.0,3856000000.0,0.0,0.0,4499000000.0,13460000000.0,0.0,643000000.0,4150000000,0.2445924441563034,3507000000,0.20669534979666412,286000000.0,1692000000.0,0.0997229916897507,453000000.0,1239000000.0,0.07302410561678553,0.14150296939241663,0.14150296939241663,8756000000,8756000000,https://www.bundesanzeiger.de/pub/de/suche;wwwsid=627BFD7A56A5CB624C47FDDEAB2FC509.web07-pub?0,https://www.bundesanzeiger.de/pub/de/suche;wwwsid=627BFD7A56A5CB624C47FDDEAB2FC509.web07-pub?0,1620592461,16:34:21,20210509
122,1990-09-30,GEC.DE,USD,1990-09-30,1990-09-30,Q3,14050000000,6895000000.0,7155000000.0,0.5092526690391459,0.0,3273000000.0,0.0,0.0,3947000000.0,10842000000.0,0.0,674000000.0,3882000000,0.2762989323843416,3208000000,0.2283274021352313,160000000.0,1472000000.0,0.10476868327402135,446000000.0,1026000000.0,0.07302491103202847,0.1,0.1,10260000000,10260000000,https://www.bundesanzeiger.de/pub/de/suche;wwwsid=627BFD7A56A5CB624C47FDDEAB2FC509.web07-pub?0,https://www.bundesanzeiger.de/pub/de/suche;wwwsid=627BFD7A56A5CB624C47FDDEAB2FC509.web07-pub?0,1620592461,16:34:21,20210509
123,1990-06-30,GEC.DE,USD,1990-06-30,1990-06-30,Q2,14214000000,6993000000.0,7221000000.0,0.5080202617138033,0.0,3351000000.0,0.0,0.0,3922000000.0,10915000000.0,0.0,571000000.0,3870000000,0.27226677923174336,3299000000,0.2320951174897988,138000000.0,1601000000.0,0.11263542985788659,513000000.0,1088000000.0,0.07654425214577178,0.1,0.1,10880000000,10880000000,https://www.bundesanzeiger.de/pub/de/suche;wwwsid=627BFD7A56A5CB624C47FDDEAB2FC509.web07-pub?0,https://www.bundesanzeiger.de/pub/de/suche;wwwsid=627BFD7A56A5CB624C47FDDEAB2FC509.web07-pub?0,1620592461,16:34:21,20210509
124,1990-03-31,GEC.DE,USD,1990-03-31,1990-03-31,Q1,12431000000,6027000000.0,6404000000.0,0.5151637036441156,0.0,2929000000.0,0.0,0.0,3549000000.0,9576000000.0,0.0,620000000.0,3475000000,0.27954307778939746,2855000000,0.2296677660686992,168000000.0,1382000000.0,0.11117367870645965,432000000.0,950000000.0,0.07642184860429571,0.09,0.09,10555555556,10555555556,https://www.bundesanzeiger.de/pub/de/suche;wwwsid=627BFD7A56A5CB624C47FDDEAB2FC509.web07-pub?0,https://www.bundesanzeiger.de/pub/de/suche;wwwsid=627BFD7A56A5CB624C47FDDEAB2FC509.web07-pub?0,1620592461,16:34:21,20210509
125,1989-12-31,GEC.DE,USD,1989-12-31,1989-12-31,Q4,15950000000,8370000000.0,7580000000.0,0.47523510971786836,0.0,3792000000.0,0.0,0.0,4344000000.0,12714000000.0,0.0,552000000.0,3788000000,0.2374921630094044,3236000000,0.20288401253918495,211000000.0,1679000000.0,0.10526645768025078,506000000.0,1173000000.0,0.0735423197492163,0.13396528095020557,0.13396528095020557,8756000000,8756000000,https://www.bundesanzeiger.de/pub/de/suche;wwwsid=627BFD7A56A5CB624C47FDDEAB2FC509.web07-pub?0,https://www.bundesanzeiger.de/pub/de/suche;wwwsid=627BFD7A56A5CB624C47FDDEAB2FC509.web07-pub?0,1620592461,16:34:21,20210509
126,1989-09-30,GEC.DE,USD,1989-09-30,1989-09-30,Q3,12828000000,6544000000.0,6284000000.0,0.4898659183037106,0.0,2833000000.0,0.0,0.0,3401000000.0,9945000000.0,0.0,0.0,3295000000,0.25685999376364205,2883000000,0.22474275023386342,156000000.0,1381000000.0,0.10765512940442781,436000000.0,945000000.0,0.07366697848456501,0.09,0.09,10500000000,10500000000,https://www.bundesanzeiger.de/pub/de/suche;wwwsid=627BFD7A56A5CB624C47FDDEAB2FC509.web07-pub?0,https://www.bundesanzeiger.de/pub/de/suche;wwwsid=627BFD7A56A5CB624C47FDDEAB2FC509.web07-pub?0,1620592461,16:34:21,20210509
127,1989-06-30,GEC.DE,USD,1989-06-30,1989-06-30,Q2,13431000000,7195000000.0,6236000000.0,0.4642990097535552,0.0,3178000000.0,0.0,0.0,3178000000.0,10373000000.0,0.0,0.0,2958000000,0.22023676569131115,3058000000,0.22768222768222768,100000000.0,1383000000.0,0.1029707393343757,411000000.0,972000000.0,0.07236989055170874,0.09,0.09,10800000000,10800000000,https://www.bundesanzeiger.de/pub/de/suche;wwwsid=627BFD7A56A5CB624C47FDDEAB2FC509.web07-pub?0,https://www.bundesanzeiger.de/pub/de/suche;wwwsid=627BFD7A56A5CB624C47FDDEAB2FC509.web07-pub?0,1620592461,16:34:21,20210509
128,1989-03-31,GEC.DE,USD,1989-03-31,1989-03-31,Q1,11900000000,0.0,0.0,0.0,0.0,0.0,0.0,0.0,0.0,0.0,0.0,0.0,11900000000,1.0,11900000000,1.0,0.0,0.0,0.0,0.0,0.0,0.0,0.08,0.08,10846282282,10846282282,https://www.bundesanzeiger.de/pub/de/suche;wwwsid=627BFD7A56A5CB624C47FDDEAB2FC509.web07-pub?0,https://www.bundesanzeiger.de/pub/de/suche;wwwsid=627BFD7A56A5CB624C47FDDEAB2FC509.web07-pub?0,1620592461,16:34:21,20210509
129,1988-12-31,GEC.DE,USD,1988-12-31,1988-12-31,Q4,12267000000,0.0,0.0,0.0,0.0,0.0,0.0,0.0,0.0,0.0,0.0,0.0,-28223000000,-2.3007255237629414,-28223000000,-2.3007255237629414,0.0,0.0,0.0,0.0,0.0,0.0,0.0,0.0,8756000000,8756000000,https://www.bundesanzeiger.de/pub/de/suche;wwwsid=627BFD7A56A5CB624C47FDDEAB2FC509.web07-pub?0,https://www.bundesanzeiger.de/pub/de/suche;wwwsid=627BFD7A56A5CB624C47FDDEAB2FC509.web07-pub?0,1620592461,16:34:21,20210509
130,1988-09-30,GEC.DE,USD,1988-09-30,1988-09-30,Q3,9306000000,0.0,0.0,0.0,0.0,0.0,0.0,0.0,0.0,0.0,0.0,0.0,9306000000,1.0,9306000000,1.0,0.0,0.0,0.0,0.0,0.0,0.0,0.08,0.08,10846282282,10846282282,https://www.bundesanzeiger.de/pub/de/suche;wwwsid=627BFD7A56A5CB624C47FDDEAB2FC509.web07-pub?0,https://www.bundesanzeiger.de/pub/de/suche;wwwsid=627BFD7A56A5CB624C47FDDEAB2FC509.web07-pub?0,1620592461,16:34:21,20210509
131,1988-06-30,GEC.DE,USD,1988-06-30,1988-06-30,Q2,9245000000,0.0,0.0,0.0,0.0,0.0,0.0,0.0,0.0,0.0,0.0,0.0,9245000000,1.0,9245000000,1.0,0.0,0.0,0.0,0.0,0.0,0.0,0.08,0.08,10846282282,10846282282,https://www.bundesanzeiger.de/pub/de/suche;wwwsid=627BFD7A56A5CB624C47FDDEAB2FC509.web07-pub?0,https://www.bundesanzeiger.de/pub/de/suche;wwwsid=627BFD7A56A5CB624C47FDDEAB2FC509.web07-pub?0,1620592461,16:34:21,20210509
132,1988-03-31,GEC.DE,USD,1988-03-31,1988-03-31,Q1,7975000000,0.0,0.0,0.0,0.0,0.0,0.0,0.0,0.0,0.0,0.0,0.0,7975000000,1.0,7975000000,1.0,0.0,0.0,0.0,0.0,0.0,0.0,0.07,0.07,10995171171,10995171171,https://www.bundesanzeiger.de/pub/de/suche;wwwsid=627BFD7A56A5CB624C47FDDEAB2FC509.web07-pub?0,https://www.bundesanzeiger.de/pub/de/suche;wwwsid=627BFD7A56A5CB624C47FDDEAB2FC509.web07-pub?0,1620592461,16:34:21,20210509
133,1987-12-31,GEC.DE,USD,1987-12-31,1987-12-31,Q4,12036000000,0.0,0.0,0.0,0.0,0.0,0.0,0.0,0.0,0.0,0.0,0.0,-23600000000,-1.9607843137254901,-23600000000,-1.9607843137254901,0.0,0.0,0.0,0.0,0.0,0.0,0.0,0.0,8756000000,8756000000,https://www.bundesanzeiger.de/pub/de/suche;wwwsid=627BFD7A56A5CB624C47FDDEAB2FC509.web07-pub?0,https://www.bundesanzeiger.de/pub/de/suche;wwwsid=627BFD7A56A5CB624C47FDDEAB2FC509.web07-pub?0,1620592461,16:34:21,20210509
134,1987-09-30,GEC.DE,USD,1987-09-30,1987-09-30,Q3,9404000000,0.0,0.0,0.0,0.0,0.0,0.0,0.0,0.0,0.0,0.0,0.0,9404000000,1.0,9404000000,1.0,0.0,0.0,0.0,0.0,0.0,0.0,0.07,0.07,10979975976,10979975976,https://www.bundesanzeiger.de/pub/de/suche;wwwsid=627BFD7A56A5CB624C47FDDEAB2FC509.web07-pub?0,https://www.bundesanzeiger.de/pub/de/suche;wwwsid=627BFD7A56A5CB624C47FDDEAB2FC509.web07-pub?0,1620592461,16:34:21,20210509
135,1987-06-30,GEC.DE,USD,1987-06-30,1987-06-30,Q2,9560000000,0.0,0.0,0.0,0.0,0.0,0.0,0.0,0.0,0.0,0.0,0.0,9560000000,1.0,9560000000,1.0,0.0,0.0,0.0,0.0,0.0,0.0,0.07,0.07,10953177177,10953177177,https://www.bundesanzeiger.de/pub/de/suche;wwwsid=627BFD7A56A5CB624C47FDDEAB2FC509.web07-pub?0,https://www.bundesanzeiger.de/pub/de/suche;wwwsid=627BFD7A56A5CB624C47FDDEAB2FC509.web07-pub?0,1620592461,16:34:21,20210509
136,1987-03-31,GEC.DE,USD,1987-03-31,1987-03-31,Q1,8315000000,0.0,0.0,0.0,0.0,0.0,0.0,0.0,0.0,0.0,0.0,0.0,8315000000,1.0,8315000000,1.0,0.0,0.0,0.0,0.0,0.0,0.0,0.03,0.03,10980780781,10980780781,https://www.bundesanzeiger.de/pub/de/suche;wwwsid=627BFD7A56A5CB624C47FDDEAB2FC509.web07-pub?0,https://www.bundesanzeiger.de/pub/de/suche;wwwsid=627BFD7A56A5CB624C47FDDEAB2FC509.web07-pub?0,1620592461,16:34:21,20210509
137,1986-12-31,GEC.DE,USD,1986-12-31,1986-12-31,Q4,12267000000,0.0,0.0,0.0,0.0,0.0,0.0,0.0,0.0,0.0,0.0,0.0,-19883000000,-1.6208526942202657,-19883000000,-1.6208526942202657,0.0,0.0,0.0,0.0,0.0,0.0,0.0,0.0,8756000000,8756000000,https://www.bundesanzeiger.de/pub/de/suche;wwwsid=627BFD7A56A5CB624C47FDDEAB2FC509.web07-pub?0,https://www.bundesanzeiger.de/pub/de/suche;wwwsid=627BFD7A56A5CB624C47FDDEAB2FC509.web07-pub?0,1620592461,16:34:21,20210509
138,1986-09-30,GEC.DE,USD,1986-09-30,1986-09-30,Q3,9278000000,0.0,0.0,0.0,0.0,0.0,0.0,0.0,0.0,0.0,0.0,0.0,9278000000,1.0,9278000000,1.0,0.0,0.0,0.0,0.0,0.0,0.0,0.06,0.06,10969705706,10969705706,https://www.bundesanzeiger.de/pub/de/suche;wwwsid=627BFD7A56A5CB624C47FDDEAB2FC509.web07-pub?0,https://www.bundesanzeiger.de/pub/de/suche;wwwsid=627BFD7A56A5CB624C47FDDEAB2FC509.web07-pub?0,1620592461,16:34:21,20210509
139,1986-06-30,GEC.DE,USD,1986-06-30,1986-06-30,Q2,7790000000,0.0,0.0,0.0,0.0,0.0,0.0,0.0,0.0,0.0,0.0,0.0,7790000000,1.0,7790000000,1.0,0.0,0.0,0.0,0.0,0.0,0.0,0.06,0.06,10954378378,10954378378,https://www.bundesanzeiger.de/pub/de/suche;wwwsid=627BFD7A56A5CB624C47FDDEAB2FC509.web07-pub?0,https://www.bundesanzeiger.de/pub/de/suche;wwwsid=627BFD7A56A5CB624C47FDDEAB2FC509.web07-pub?0,1620592461,16:34:21,20210509
140,1986-03-31,GEC.DE,USD,1986-03-31,1986-03-31,Q1,5880000000,0.0,0.0,0.0,0.0,0.0,0.0,0.0,0.0,0.0,0.0,0.0,5880000000,1.0,5880000000,1.0,0.0,0.0,0.0,0.0,0.0,0.0,0.05,0.05,10954378378,10954378378,https://www.bundesanzeiger.de/pub/de/suche;wwwsid=627BFD7A56A5CB624C47FDDEAB2FC509.web07-pub?0,https://www.bundesanzeiger.de/pub/de/suche;wwwsid=627BFD7A56A5CB624C47FDDEAB2FC509.web07-pub?0,1620592461,16:34:21,20210509
141,1985-12-31,GEC.DE,USD,1985-12-31,1985-12-31,Q4,8725000000,0.0,0.0,0.0,0.0,0.0,0.0,0.0,0.0,0.0,0.0,0.0,-16625000000,-1.9054441260744985,-16625000000,-1.9054441260744985,0.0,0.0,0.0,0.0,0.0,0.0,0.0,0.0,8756000000,8756000000,https://www.bundesanzeiger.de/pub/de/suche;wwwsid=627BFD7A56A5CB624C47FDDEAB2FC509.web07-pub?0,https://www.bundesanzeiger.de/pub/de/suche;wwwsid=627BFD7A56A5CB624C47FDDEAB2FC509.web07-pub?0,1620592461,16:34:21,20210509
142,1985-09-30,GEC.DE,USD,1985-09-30,1985-09-30,Q3,6520000000,0.0,0.0,0.0,0.0,0.0,0.0,0.0,0.0,0.0,0.0,0.0,6520000000,1.0,6520000000,1.0,0.0,0.0,0.0,0.0,0.0,0.0,0.05,0.05,10945537538,10945537538,https://www.bundesanzeiger.de/pub/de/suche;wwwsid=627BFD7A56A5CB624C47FDDEAB2FC509.web07-pub?0,https://www.bundesanzeiger.de/pub/de/suche;wwwsid=627BFD7A56A5CB624C47FDDEAB2FC509.web07-pub?0,1620592461,16:34:21,20210509
