datetime,symbol,name,exchange,begin_date,marketCap,open,high,low,close,adjClose,volume,unadjustedVolume,change,changePercent,vwap
1991-09-01,BOKF,BOK Financial Corporation,NASDAQ,1991-09-05,360602000.0,7.7729,14.4166,6.2184,6.2184,6.2184,3600.0,3600.0,-4.4291,-6.933,9.903573333333332
1991-10-01,BOKF,BOK Financial Corporation,NASDAQ,1991-09-05,270248000.0,7.7729,15.3113,2.3319,4.6638,4.6638,8400.0,8400.0,-4.4291,-7.27888888888889,8.653445555555557
1991-11-01,BOKF,BOK Financial Corporation,NASDAQ,1991-09-05,135124000.0,4.6638,7.2083,1.5546,2.3319,2.3319,4200.0,4200.0,-4.4292,-15.312714285714284,4.385827142857143
1991-12-01,BOKF,BOK Financial Corporation,NASDAQ,1991-09-05,176638000.0,3.1092,6.431,1.815,3.047,3.047,112000.0,112000.0,-1.1073,-2.9269090909090907,2.7568372727272727
1992-01-01,BOKF,BOK Financial Corporation,NASDAQ,1991-09-05,125763000.0,2.9304,2.9304,1.8733,2.1687,2.1687,103600.0,103600.0,0.0,0.0,2.1600272727272727
1992-02-01,BOKF,BOK Financial Corporation,NASDAQ,1991-09-05,146594000.0,2.1687,2.1687,1.9316,1.9899,1.9899,84100.0,84100.0,0.0,0.0,2.0420294117647053
1992-03-01,BOKF,BOK Financial Corporation,NASDAQ,1991-09-05,185962000.0,2.3435,2.5767,2.3435,2.5184,2.5184,144800.0,144800.0,0.0,0.0,2.5213150000000004
1992-04-01,BOKF,BOK Financial Corporation,NASDAQ,1991-09-05,181300000.0,2.5184,2.5184,2.4601,2.4601,2.4601,58300.0,58300.0,0.0,0.0,2.508111764705882
1992-05-01,BOKF,BOK Financial Corporation,NASDAQ,1991-09-05,181650000.0,2.4601,2.4601,2.4601,2.4601,2.4601,51500.0,51500.0,0.0,0.0,2.4600999999999997
1992-06-01,BOKF,BOK Financial Corporation,NASDAQ,1991-09-05,186321000.0,2.4601,2.9392,2.393,2.5184,2.5184,53200.0,53200.0,0.0,0.20425000000000004,2.5400650000000002
1992-07-01,BOKF,BOK Financial Corporation,NASDAQ,1991-09-05,242373000.0,2.8138,3.7169,2.4442,3.2802,3.2802,99700.0,99700.0,1.0298,2.13805,2.871406
1992-08-01,BOKF,BOK Financial Corporation,NASDAQ,1991-09-05,269878000.0,3.1883,4.0667,2.8809,3.6339,3.6339,97400.0,97400.0,0.9580999999999997,2.5327333333333333,3.4901219999999995
1992-09-01,BOKF,BOK Financial Corporation,NASDAQ,1991-09-05,256853000.0,3.1636,3.883,2.6565,3.459,3.459,43500.0,43500.0,0.33779999999999993,1.2005333333333335,3.1866393333333334
1992-10-01,BOKF,BOK Financial Corporation,NASDAQ,1991-09-05,256853000.0,3.1364,3.6179,2.6769,3.459,3.459,49200.0,49200.0,0.587,1.7090000000000003,3.1131441666666664
1992-11-01,BOKF,BOK Financial Corporation,NASDAQ,1991-09-05,270914000.0,3.2802,3.6718,3.1795,3.6339,3.6339,83400.0,83400.0,0.122,0.3284000000000001,3.43454
1992-12-01,BOKF,BOK Financial Corporation,NASDAQ,1991-09-05,401664000.0,3.6834,5.7283,3.4342,5.3905,5.3905,426600.0,426600.0,1.0408,1.435578947368421,4.370927894736842
1993-01-01,BOKF,BOK Financial Corporation,NASDAQ,1991-09-05,366623000.0,5.539,5.539,4.8747,4.9242,4.9242,154000.0,154000.0,-1.1182999999999998,-1.1657058823529411,5.099260588235294
1993-02-01,BOKF,BOK Financial Corporation,NASDAQ,1991-09-05,451312000.0,4.9242,7.0514,4.8164,5.9074,5.9074,175500.0,175500.0,0.15490000000000004,0.8089230769230767,5.465504615384615
1993-03-01,BOKF,BOK Financial Corporation,NASDAQ,1991-09-05,474896000.0,6.094,6.8402,5.6417,6.2184,6.2184,163200.0,163200.0,1.7273999999999998,1.4984761904761905,6.122050476190475
1993-04-01,BOKF,BOK Financial Corporation,NASDAQ,1991-09-05,398784000.0,6.6613,6.6783,4.3904,5.2234,5.2234,126500.0,126500.0,-2.3030999999999997,-1.4912380952380948,5.580686666666667
1993-05-01,BOKF,BOK Financial Corporation,NASDAQ,1991-09-05,414528000.0,4.8861,5.6391,4.462,5.3478,5.3478,71900.0,71900.0,0.39860000000000007,0.8805999999999999,4.9621613333333325
1993-06-01,BOKF,BOK Financial Corporation,NASDAQ,1991-09-05,414528000.0,5.5062,5.8453,4.6204,5.3478,5.3478,55700.0,55700.0,-0.7973000000000001,-0.9046428571428567,5.208002857142857
1993-07-01,BOKF,BOK Financial Corporation,NASDAQ,1991-09-05,385696000.0,4.9747,5.7719,4.8691,4.9747,4.9747,28400.0,28400.0,-0.8858000000000001,-1.2704166666666665,5.127280833333333
1993-08-01,BOKF,BOK Financial Corporation,NASDAQ,1991-09-05,417576000.0,4.9747,5.5965,4.7315,5.3478,5.3478,195100.0,195100.0,1.9488,2.0814210526315793,5.204905263157895
1993-09-01,BOKF,BOK Financial Corporation,NASDAQ,1991-09-05,456484000.0,5.295,6.2882,5.229,5.8453,5.8453,112700.0,112700.0,1.9488999999999999,2.28925,5.712308124999999
1993-10-01,BOKF,BOK Financial Corporation,NASDAQ,1991-09-05,470732000.0,6.324,6.8648,5.6153,6.0318,6.0318,90500.0,90500.0,-1.3288,-1.4015714285714285,6.05794
1993-11-01,BOKF,BOK Financial Corporation,NASDAQ,1991-09-05,495747000.0,5.9696,6.7058,5.1819,6.3409,6.3409,48100.0,48100.0,1.1405,1.4103333333333332,6.179917333333334
1993-12-01,BOKF,BOK Financial Corporation,NASDAQ,1991-09-05,546255000.0,6.4049,7.2805,6.0418,6.9814,6.9814,74000.0,74000.0,4.0602,3.2673,6.5852225
1994-01-01,BOKF,BOK Financial Corporation,NASDAQ,1991-09-05,521001000.0,6.7252,6.9814,6.1233,6.6611,6.6611,347700.0,347700.0,0.6385999999999998,0.6424117647058823,6.546593529411764
1994-02-01,BOKF,BOK Financial Corporation,NASDAQ,1991-09-05,558012000.0,6.533,6.6611,6.3874,6.6611,6.6611,43000.0,43000.0,0.3649,0.40721428571428575,6.533469285714284
1994-03-01,BOKF,BOK Financial Corporation,NASDAQ,1991-09-05,439824000.0,6.6611,6.6611,5.252,5.252,5.252,66000.0,66000.0,-0.4106000000000001,-0.35194117647058826,5.831796470588236
1994-04-01,BOKF,BOK Financial Corporation,NASDAQ,1991-09-05,407484000.0,5.1433,5.9626,4.7976,4.8677,4.8677,84000.0,84000.0,1.6421999999999999,2.7327142857142848,5.457454285714285
1994-05-01,BOKF,BOK Financial Corporation,NASDAQ,1991-09-05,477456000.0,5.6363,5.9741,4.5414,5.7004,5.7004,26200.0,26200.0,1.9161,3.164214285714286,5.501585714285715
1994-06-01,BOKF,BOK Financial Corporation,NASDAQ,1991-09-05,423948000.0,5.8925,6.0635,4.852,5.0599,5.0599,139900.0,139900.0,3.5582,4.8728,5.660357333333334
1994-07-01,BOKF,BOK Financial Corporation,NASDAQ,1991-09-05,466872000.0,5.3801,6.0557,4.9064,5.5723,5.5723,49400.0,49400.0,1.6421999999999999,2.060823529411765,5.592820000000001
1994-08-01,BOKF,BOK Financial Corporation,NASDAQ,1991-09-05,475376000.0,5.5723,5.8907,4.788,5.6363,5.6363,37900.0,37900.0,-0.00010000000000005838,0.12815384615384612,5.4993669230769235
1994-09-01,BOKF,BOK Financial Corporation,NASDAQ,1991-09-05,453472000.0,5.0599,5.8267,4.9704,5.3801,5.3801,76800.0,76800.0,-2.2581,-2.8042142857142855,5.510472857142856
1994-10-01,BOKF,BOK Financial Corporation,NASDAQ,1991-09-05,432160000.0,5.188,5.8907,4.9704,5.1239,5.1239,62100.0,62100.0,0.6841999999999999,1.2546153846153842,5.480825384615385
1994-11-01,BOKF,BOK Financial Corporation,NASDAQ,1991-09-05,480487000.0,5.7276,5.9735,5.2135,5.8054,5.8054,23500.0,23500.0,2.7281,3.7295714285714285,5.664742857142857
1994-12-01,BOKF,BOK Financial Corporation,NASDAQ,1991-09-05,480487000.0,5.2415,5.8714,5.1476,5.8054,5.8054,90000.0,90000.0,4.370299999999999,4.895176470588235,5.634160588235294
1995-01-01,BOKF,BOK Financial Corporation,NASDAQ,1991-09-05,475258000.0,5.5176,5.9075,4.9876,5.7394,5.7394,251800.0,251800.0,4.0642,5.801142857142858,5.484258571428572
1995-02-01,BOKF,BOK Financial Corporation,NASDAQ,1991-09-05,485449000.0,5.4096,5.9554,5.1476,5.8054,5.8054,181900.0,181900.0,3.1011,3.522235294117647,5.624493529411764
1995-03-01,BOKF,BOK Financial Corporation,NASDAQ,1991-09-05,485449000.0,5.8054,5.9034,5.1476,5.8054,5.8054,21800.0,21800.0,6.0142,8.251642857142857,5.637048571428571
1995-04-01,BOKF,BOK Financial Corporation,NASDAQ,1991-09-05,485449000.0,5.3436,5.8054,5.1476,5.8054,5.8054,98600.0,98600.0,4.3697,6.9567499999999995,5.593721666666666
1995-05-01,BOKF,BOK Financial Corporation,NASDAQ,1991-09-05,499800000.0,5.1476,6.0033,5.1476,5.9703,5.9703,321300.0,321300.0,3.2655000000000007,3.1816315789473686,5.770172631578947
1995-06-01,BOKF,BOK Financial Corporation,NASDAQ,1991-09-05,494508000.0,5.7704,5.9703,5.6694,5.9044,5.9044,65700.0,65700.0,2.7018,2.6205,5.883443333333335
1995-07-01,BOKF,BOK Financial Corporation,NASDAQ,1991-09-05,516852000.0,5.6694,6.8591,5.6694,6.1682,6.1682,146600.0,146600.0,1.5036,1.8505,6.136947857142856
1995-08-01,BOKF,BOK Financial Corporation,NASDAQ,1991-09-05,495349000.0,5.9654,6.9151,5.6374,5.9044,5.9044,181800.0,181800.0,0.3758999999999999,0.5324374999999999,5.995536875
1995-09-01,BOKF,BOK Financial Corporation,NASDAQ,1991-09-05,520087000.0,5.8054,6.8771,5.5054,6.2012,6.2012,25200.0,25200.0,9.999999999998899e-05,0.3181000000000001,5.990136
1995-10-01,BOKF,BOK Financial Corporation,NASDAQ,1991-09-05,454119000.0,5.6735,6.5211,5.4096,5.4096,5.4096,34100.0,34100.0,-0.5638000000000001,-0.4147058823529412,5.8545
1995-11-01,BOKF,BOK Financial Corporation,NASDAQ,1991-09-05,538720000.0,5.4096,6.3873,4.9216,6.3873,6.3873,37600.0,37600.0,3.7555,6.49390909090909,5.866924545454546
1995-12-01,BOKF,BOK Financial Corporation,NASDAQ,1991-09-05,527472000.0,5.8065,6.8055,4.8385,6.2514,6.2514,106100.0,106100.0,2.517,3.8150000000000004,5.756675
1996-01-01,BOKF,BOK Financial Corporation,NASDAQ,1991-09-05,467088000.0,5.3001,6.3482,4.7994,5.5379,5.5379,101700.0,101700.0,3.7751,5.079066666666667,5.520600666666668
1996-02-01,BOKF,BOK Financial Corporation,NASDAQ,1991-09-05,461776000.0,5.7078,5.7366,5.0302,5.5039,5.5039,81200.0,81200.0,3.8236,4.999333333333334,5.407746000000001
1996-03-01,BOKF,BOK Financial Corporation,NASDAQ,1991-09-05,467666000.0,5.7078,6.0559,5.0014,5.5719,5.5719,110400.0,110400.0,2.6135,3.511625,5.543742500000001
1996-04-01,BOKF,BOK Financial Corporation,NASDAQ,1991-09-05,490048000.0,5.5719,5.9116,5.2629,5.8437,5.8437,55800.0,55800.0,4.114,4.29838888888889,5.679268888888888
1996-05-01,BOKF,BOK Financial Corporation,NASDAQ,1991-09-05,498464000.0,5.8437,6.0847,5.2629,5.9116,5.9116,141000.0,141000.0,-0.3388,-0.15452631578947387,5.731516315789474
1996-06-01,BOKF,BOK Financial Corporation,NASDAQ,1991-09-05,509712000.0,5.9116,6.3421,5.3792,6.0475,6.0475,146600.0,146600.0,2.8072,2.5478,5.871526000000002
1996-07-01,BOKF,BOK Financial Corporation,NASDAQ,1991-09-05,490176000.0,5.7571,6.1341,5.7571,5.8097,5.8097,34400.0,34400.0,0.6048,0.671875,5.893435625000001
1996-08-01,BOKF,BOK Financial Corporation,NASDAQ,1991-09-05,478400000.0,6.0475,6.1341,5.7036,5.8437,5.8437,58800.0,58800.0,-9.999999999998899e-05,0.023647058823529445,5.881349411764706
1996-09-01,BOKF,BOK Financial Corporation,NASDAQ,1991-09-05,529000000.0,6.0764,6.4552,5.7571,6.4552,6.4552,158100.0,158100.0,0.0484,0.07626315789473684,6.082955789473685
1996-10-01,BOKF,BOK Financial Corporation,NASDAQ,1991-09-05,567525000.0,6.3193,7.9277,6.2616,6.9309,6.9309,336100.0,336100.0,-2.2020999999999997,-1.429842105263158,6.9224568421052615
1996-11-01,BOKF,BOK Financial Corporation,NASDAQ,1991-09-05,661682000.0,6.9237,8.1167,6.7578,7.4187,7.4187,53100.0,53100.0,-0.6414,-0.5714166666666666,7.2226558333333335
1996-12-01,BOKF,BOK Financial Corporation,NASDAQ,1991-09-05,674202000.0,7.4399,8.7551,6.7611,7.5587,7.5587,182300.0,182300.0,-0.8226,-0.35663157894736847,7.47009105263158
1997-01-01,BOKF,BOK Financial Corporation,NASDAQ,1991-09-05,773736000.0,7.2022,9.2959,7.2022,8.6785,8.6785,240700.0,240700.0,0.8972999999999998,1.0217368421052628,8.14622789473684
1997-02-01,BOKF,BOK Financial Corporation,NASDAQ,1991-09-05,700896000.0,8.3986,9.5039,7.5818,8.2586,8.2586,108000.0,108000.0,-0.4485999999999999,-0.024090909090909104,8.330503636363638
1997-03-01,BOKF,BOK Financial Corporation,NASDAQ,1991-09-05,700896000.0,8.0496,8.9162,7.8809,8.2586,8.2586,177100.0,177100.0,-0.0001000000000000445,0.04668750000000005,8.259131250000001
1997-04-01,BOKF,BOK Financial Corporation,NASDAQ,1991-09-05,748576000.0,8.2883,9.4761,7.9404,8.8185,8.8185,178700.0,178700.0,-0.39880000000000004,-0.14488888888888882,8.494662777777776
1997-05-01,BOKF,BOK Financial Corporation,NASDAQ,1991-09-05,800577000.0,8.8185,10.0466,8.4696,9.4134,9.4134,125100.0,125100.0,-0.19950000000000007,-0.043421052631579006,9.234673684210525
1997-06-01,BOKF,BOK Financial Corporation,NASDAQ,1991-09-05,839382000.0,9.1387,10.247,9.1387,9.8683,9.8683,145100.0,145100.0,0.5982,0.352421052631579,9.629871052631577
1997-07-01,BOKF,BOK Financial Corporation,NASDAQ,1991-09-05,958185000.0,9.8482,11.4675,9.0496,11.2681,11.2681,259200.0,259200.0,0.9470999999999999,0.55405,10.055255500000001
1997-08-01,BOKF,BOK Financial Corporation,NASDAQ,1991-09-05,931445000.0,10.9987,11.5672,10.5788,10.9182,10.9182,81400.0,81400.0,-0.4985,-0.2606,10.987446666666669
1997-09-01,BOKF,BOK Financial Corporation,NASDAQ,1991-09-05,934440000.0,10.32,11.6946,10.042,10.9531,10.9531,1141900.0,1141900.0,0.37390000000000023,0.32058823529411756,10.962152941176472
1997-10-01,BOKF,BOK Financial Corporation,NASDAQ,1991-09-05,1051245000.0,11.1981,12.3179,10.076,12.3179,12.3179,231400.0,231400.0,-0.0996999999999999,0.055238095238095246,11.464735714285714
1997-11-01,BOKF,BOK Financial Corporation,NASDAQ,1991-09-05,1024870000.0,12.9151,13.7434,11.3996,11.8945,11.8945,123900.0,123900.0,-4.1084000000000005,-2.299,12.126549285714287
1997-12-01,BOKF,BOK Financial Corporation,NASDAQ,1991-09-05,964370000.0,11.6121,12.3983,9.9369,11.1916,11.1916,171200.0,171200.0,-0.7444999999999999,-0.20190000000000002,11.957793000000002
1998-01-01,BOKF,BOK Financial Corporation,NASDAQ,1991-09-05,1040600000.0,10.8424,12.3161,10.5269,12.0747,12.0747,247000.0,247000.0,3.376,1.6332105263157897,11.761524736842107
1998-02-01,BOKF,BOK Financial Corporation,NASDAQ,1991-09-05,1269322000.0,11.7459,15.1857,11.7197,14.1653,14.1653,459400.0,459400.0,3.3376000000000006,1.5247894736842107,13.05748894736842
1998-03-01,BOKF,BOK Financial Corporation,NASDAQ,1991-09-05,1263032000.0,14.4788,14.7256,13.6884,14.0932,14.0932,667300.0,667300.0,-0.6803999999999998,-0.19327272727272726,14.371918181818181
1998-04-01,BOKF,BOK Financial Corporation,NASDAQ,1991-09-05,1314610000.0,14.4023,14.778,13.8735,14.6699,14.6699,327300.0,327300.0,2.9524000000000004,1.1146315789473686,14.442762631578944
1998-05-01,BOKF,BOK Financial Corporation,NASDAQ,1991-09-05,1278757000.0,14.7671,14.9824,14.0473,14.2734,14.2734,167300.0,167300.0,-0.30789999999999995,-0.09789999999999997,14.4256835
1998-06-01,BOKF,BOK Financial Corporation,NASDAQ,1991-09-05,1220889000.0,14.4176,14.5173,13.0839,13.6246,13.6246,296100.0,296100.0,-1.8229,-0.603904761904762,13.89410619047619
1998-07-01,BOKF,BOK Financial Corporation,NASDAQ,1991-09-05,1149812000.0,13.9862,14.4155,12.5202,12.8316,12.8316,226800.0,226800.0,0.3337999999999999,0.15831818181818177,13.401246818181818
1998-08-01,BOKF,BOK Financial Corporation,NASDAQ,1991-09-05,1107282000.0,12.801,14.1183,12.3826,12.3991,12.3991,333400.0,333400.0,-0.2822,-0.06028571428571431,13.224664285714287
1998-09-01,BOKF,BOK Financial Corporation,NASDAQ,1991-09-05,1117314000.0,12.4603,12.9835,11.5963,12.5072,12.5072,610900.0,610900.0,1.1423999999999999,0.4591904761904762,12.139997142857142
1998-10-01,BOKF,BOK Financial Corporation,NASDAQ,1991-09-05,1240833000.0,12.1128,14.2911,12.1128,13.8949,13.8949,386800.0,386800.0,1.6942000000000002,0.6637727272727273,13.18782681818182
1998-11-01,BOKF,BOK Financial Corporation,NASDAQ,1991-09-05,1284723000.0,13.8813,14.8141,13.1193,14.3815,14.3815,112400.0,112400.0,2.8277,1.1914999999999998,14.046829444444445
1998-12-01,BOKF,BOK Financial Corporation,NASDAQ,1991-09-05,1274691000.0,14.2944,14.7257,13.4398,14.268,14.268,137500.0,137500.0,2.5202999999999998,0.8808095238095238,14.173833809523812
1999-01-01,BOKF,BOK Financial Corporation,NASDAQ,1991-09-05,1270929000.0,14.338,14.6373,13.4513,14.2301,14.2301,297600.0,297600.0,0.8895,0.363578947368421,14.048194210526319
1999-02-01,BOKF,BOK Financial Corporation,NASDAQ,1991-09-05,1245952000.0,14.2141,14.6293,13.3011,13.9274,13.9274,234000.0,234000.0,-0.6064999999999998,-0.17868421052631575,14.02686
1999-03-01,BOKF,BOK Financial Corporation,NASDAQ,1991-09-05,1394788000.0,14.198,15.7383,13.605,15.5926,15.5926,508200.0,508200.0,4.151299999999999,1.2751739130434785,14.623220869565214
1999-04-01,BOKF,BOK Financial Corporation,NASDAQ,1991-09-05,1394788000.0,15.5926,15.7004,14.8585,15.5926,15.5926,769500.0,769500.0,1.4286000000000005,0.4595714285714286,15.416727142857141
1999-05-01,BOKF,BOK Financial Corporation,NASDAQ,1991-09-05,1367784000.0,15.5112,15.6087,14.3608,15.2898,15.2898,133900.0,133900.0,-0.7008000000000001,-0.23110526315789479,15.075422631578949
1999-06-01,BOKF,BOK Financial Corporation,NASDAQ,1991-09-05,1367784000.0,15.3012,15.7326,14.604,15.2898,15.2898,362900.0,362900.0,-0.6200000000000003,-0.16627272727272724,15.31816590909091
1999-07-01,BOKF,BOK Financial Corporation,NASDAQ,1991-09-05,1232136000.0,15.1545,15.4837,13.6682,13.776,13.776,457500.0,457500.0,-0.29679999999999995,-0.10170000000000001,15.068912000000001
1999-08-01,BOKF,BOK Financial Corporation,NASDAQ,1991-09-05,1169940000.0,13.0508,14.7761,12.8148,13.0569,13.0569,260900.0,260900.0,1.1319000000000001,0.4736818181818183,13.598238636363636
1999-09-01,BOKF,BOK Financial Corporation,NASDAQ,1991-09-05,1057978000.0,13.3218,14.2005,11.7002,11.808,11.808,757600.0,757600.0,-1.6172,-0.5329047619047619,13.452208095238095
1999-10-01,BOKF,BOK Financial Corporation,NASDAQ,1991-09-05,1180633000.0,11.4613,13.7653,11.4613,13.1757,13.1757,270400.0,270400.0,1.8345,0.7753809523809524,13.163582857142858
1999-11-01,BOKF,BOK Financial Corporation,NASDAQ,1991-09-05,1191326000.0,13.1592,13.7641,12.8992,13.2927,13.2927,248700.0,248700.0,-0.9166999999999997,-0.30385000000000006,13.350639000000001
1999-12-01,BOKF,BOK Financial Corporation,NASDAQ,1991-09-05,1129055000.0,13.314,13.3696,11.8077,12.6008,12.6008,420200.0,420200.0,-1.1522000000000001,-0.31195454545454554,12.745085454545455
2000-01-01,BOKF,BOK Financial Corporation,NASDAQ,1991-09-05,935952000.0,12.5248,13.1912,9.692,10.447,10.447,458400.0,458400.0,-4.0261000000000005,-1.7167,11.574226499999998
2000-02-01,BOKF,BOK Financial Corporation,NASDAQ,1991-09-05,863379000.0,10.4908,11.1047,8.9135,9.6674,9.6674,823000.0,823000.0,-1.3744000000000005,-0.5815500000000002,9.992041999999998
2000-03-01,BOKF,BOK Financial Corporation,NASDAQ,1991-09-05,1030788000.0,9.5067,11.7606,9.1154,11.5385,11.5385,551100.0,551100.0,3.7619,1.7832173913043479,10.425415652173912
2000-04-01,BOKF,BOK Financial Corporation,NASDAQ,1991-09-05,914166000.0,10.7354,11.1796,9.574,10.2326,10.2326,251200.0,251200.0,-0.43049999999999994,-0.10821052631578962,10.21914894736842
2000-05-01,BOKF,BOK Financial Corporation,NASDAQ,1991-09-05,908523000.0,10.336,10.8512,9.5586,10.1742,10.1742,207400.0,207400.0,-2.2765000000000004,-0.9335454545454543,10.146939090909092
2000-06-01,BOKF,BOK Financial Corporation,NASDAQ,1991-09-05,978120000.0,10.147,11.2315,9.7321,10.9538,10.9538,367100.0,367100.0,1.0551,0.5259545454545455,10.605860000000002
2000-07-01,BOKF,BOK Financial Corporation,NASDAQ,1991-09-05,1020129000.0,10.8545,11.5812,10.1256,11.4216,11.4216,362600.0,362600.0,1.1938999999999997,0.6248,10.689441499999997
2000-08-01,BOKF,BOK Financial Corporation,NASDAQ,1991-09-05,994088000.0,11.6136,11.6136,10.6147,11.1487,11.1487,407500.0,407500.0,0.8746,0.36899999999999994,11.024404347826087
2000-09-01,BOKF,BOK Financial Corporation,NASDAQ,1991-09-05,1029144000.0,11.2598,12.0938,11.0932,11.5385,11.5385,575200.0,575200.0,1.2633999999999999,0.56685,11.376920000000002
2000-10-01,BOKF,BOK Financial Corporation,NASDAQ,1991-09-05,1056688000.0,11.6448,12.3325,11.0836,11.8504,11.8504,382400.0,382400.0,1.2075,0.5191363636363637,11.548754545454546
2000-11-01,BOKF,BOK Financial Corporation,NASDAQ,1991-09-05,1028664000.0,11.4723,12.4057,10.9784,11.4995,11.4995,163800.0,163800.0,-0.19440000000000007,-0.012190476190476255,11.706661904761905
2000-12-01,BOKF,BOK Financial Corporation,NASDAQ,1991-09-05,1185664000.0,11.4392,13.4758,10.476,13.2537,13.2537,1221100.0,1221100.0,2.0964,0.9601,12.215378499999998
2001-01-01,BOKF,BOK Financial Corporation,NASDAQ,1991-09-05,1237788000.0,13.6483,14.2922,12.566,13.8384,13.8384,2479600.0,2479600.0,0.9023000000000002,0.3521904761904762,13.659516666666667
2001-02-01,BOKF,BOK Financial Corporation,NASDAQ,1991-09-05,1294650000.0,13.4828,14.4232,13.2282,14.4232,14.4232,1262700.0,1262700.0,1.9297,0.7513684210526316,13.795237894736841
2001-03-01,BOKF,BOK Financial Corporation,NASDAQ,1991-09-05,1374660000.0,14.3452,15.5974,12.8169,15.3197,15.3197,1114500.0,1114500.0,2.2076,0.7310454545454544,14.386197272727271
2001-04-01,BOKF,BOK Financial Corporation,NASDAQ,1991-09-05,1340640000.0,15.4441,15.458,14.0035,14.9377,14.9377,375800.0,375800.0,2.1885999999999997,0.78655,15.006538500000001
2001-05-01,BOKF,BOK Financial Corporation,NASDAQ,1991-09-05,1477422000.0,14.8044,16.6931,14.5195,16.3816,16.3816,752700.0,752700.0,2.6018999999999997,0.797090909090909,15.848999545454545
2001-06-01,BOKF,BOK Financial Corporation,NASDAQ,1991-09-05,1558446000.0,16.3086,19.7976,15.9701,17.281,17.281,761700.0,761700.0,1.2628,0.37538095238095237,16.616950000000003
2001-07-01,BOKF,BOK Financial Corporation,NASDAQ,1991-09-05,1770501000.0,17.5764,20.3552,16.7028,19.6322,19.6322,819100.0,819100.0,2.4986000000000006,0.6861904761904762,17.690048095238094
2001-08-01,BOKF,BOK Financial Corporation,NASDAQ,1991-09-05,1758950000.0,20.0809,21.2088,18.4303,19.4459,19.4459,1132300.0,1132300.0,0.7871999999999995,0.19504347826086949,20.14696434782609
2001-09-01,BOKF,BOK Financial Corporation,NASDAQ,1991-09-05,1754505000.0,19.465,20.1239,16.8634,19.3945,19.3945,737800.0,737800.0,1.0066,0.37886666666666663,18.996748666666665
2001-10-01,BOKF,BOK Financial Corporation,NASDAQ,1991-09-05,1801495000.0,19.6721,19.9972,16.8882,19.9149,19.9149,674000.0,674000.0,3.2032999999999996,0.814782608695652,18.95775956521739
2001-11-01,BOKF,BOK Financial Corporation,NASDAQ,1991-09-05,1839312000.0,19.0573,21.4784,18.9282,20.3003,20.3003,601400.0,601400.0,1.7573,0.48290476190476184,20.176971904761906
2001-12-01,BOKF,BOK Financial Corporation,NASDAQ,1991-09-05,1834224000.0,20.2552,21.4724,18.9297,20.2425,20.2425,739900.0,739900.0,0.7504000000000002,0.20020000000000002,20.113213500000004
2002-01-01,BOKF,BOK Financial Corporation,NASDAQ,1991-09-05,1826592000.0,20.3852,20.797,17.9467,20.159,20.159,1794500.0,1794500.0,-0.6494000000000004,-0.0852857142857142,19.25787571428571
2002-02-01,BOKF,BOK Financial Corporation,NASDAQ,1991-09-05,1807480000.0,20.3924,20.6437,19.1741,20.4995,20.4995,581600.0,581600.0,1.5194,0.41468421052631577,20.055074736842105
2002-03-01,BOKF,BOK Financial Corporation,NASDAQ,1991-09-05,1920138000.0,20.5349,22.5423,20.242,21.7779,21.7779,852100.0,852100.0,2.3245,0.5742499999999999,21.467816499999994
2002-04-01,BOKF,BOK Financial Corporation,NASDAQ,1991-09-05,1925709000.0,21.8133,22.3033,20.7438,21.8421,21.8421,628900.0,628900.0,-0.045799999999999966,0.019181818181818196,21.617694999999994
2002-05-01,BOKF,BOK Financial Corporation,NASDAQ,1991-09-05,2193170000.0,21.7597,24.3061,21.3388,23.1524,23.1524,1581200.0,1581200.0,3.8897000000000004,0.8280454545454546,22.780982272727275
2002-06-01,BOKF,BOK Financial Corporation,NASDAQ,1991-09-05,2097410000.0,22.8918,23.2312,20.927,22.1401,22.1401,1483500.0,1483500.0,3.4688000000000003,0.8337000000000001,22.0825025
2002-07-01,BOKF,BOK Financial Corporation,NASDAQ,1991-09-05,1965740000.0,22.0941,22.7647,17.2529,20.7505,20.7505,1401500.0,1401500.0,0.9616,0.32531818181818184,20.874081363636364
2002-08-01,BOKF,BOK Financial Corporation,NASDAQ,1991-09-05,1927960000.0,20.8913,22.487,19.6028,22.0408,22.0408,648700.0,648700.0,3.9499000000000004,0.8746363636363635,21.329563181818184
2002-09-01,BOKF,BOK Financial Corporation,NASDAQ,1991-09-05,1880682000.0,22.031,22.728,19.7233,21.5048,21.5048,1066800.0,1066800.0,0.5938999999999999,0.16499999999999998,21.703758
2002-10-01,BOKF,BOK Financial Corporation,NASDAQ,1991-09-05,1899716000.0,21.0757,23.4231,18.1624,21.7166,21.7166,2321100.0,2321100.0,-0.44330000000000036,-0.015434782608695815,21.49752
2002-11-01,BOKF,BOK Financial Corporation,NASDAQ,1991-09-05,2033415000.0,21.7476,22.4208,19.9279,21.7298,21.7298,1975400.0,1975400.0,1.216,0.32819999999999994,21.484987499999995
2002-12-01,BOKF,BOK Financial Corporation,NASDAQ,1991-09-05,2005821000.0,21.8187,21.8813,19.9655,21.4321,21.4321,1019500.0,1019500.0,1.7441000000000004,0.4263809523809524,21.20763285714286
2003-01-01,BOKF,BOK Financial Corporation,NASDAQ,1991-09-05,2022246000.0,21.3169,22.0382,20.6016,21.6041,21.6041,899000.0,899000.0,1.6684,0.37442857142857144,21.478389047619046
2003-02-01,BOKF,BOK Financial Corporation,NASDAQ,1991-09-05,2032504000.0,21.5803,22.1805,20.8434,21.485,21.485,616300.0,616300.0,0.6315999999999999,0.167421052631579,21.52055315789474
2003-03-01,BOKF,BOK Financial Corporation,NASDAQ,1991-09-05,2044456000.0,21.7006,22.1169,20.239,21.6173,21.6173,761100.0,761100.0,1.1498,0.2724761904761905,21.133577142857142
2003-04-01,BOKF,BOK Financial Corporation,NASDAQ,1991-09-05,2256272000.0,21.5726,23.9104,21.0517,23.8538,23.8538,1032200.0,1032200.0,2.5922,0.5593333333333333,22.005258571428573
2003-05-01,BOKF,BOK Financial Corporation,NASDAQ,1991-09-05,2334815000.0,23.8878,24.6638,22.5916,24.6444,24.6444,986800.0,986800.0,0.6325000000000001,0.1343809523809524,23.857042857142854
2003-06-01,BOKF,BOK Financial Corporation,NASDAQ,1991-09-05,2491755000.0,24.5588,26.3491,24.0831,26.3006,26.3006,1531600.0,1531600.0,3.9326,0.746904761904762,25.294630476190473
2003-07-01,BOKF,BOK Financial Corporation,NASDAQ,1991-09-05,2492420000.0,25.7717,26.924,25.4222,26.3074,26.3074,988600.0,988600.0,2.0775999999999994,0.37249999999999994,26.13037272727273
2003-08-01,BOKF,BOK Financial Corporation,NASDAQ,1991-09-05,2562102000.0,26.4276,28.329,25.7933,27.0025,27.0025,892700.0,892700.0,2.7767000000000004,0.505,26.86020476190477
2003-09-01,BOKF,BOK Financial Corporation,NASDAQ,1991-09-05,2453544000.0,26.9798,27.7529,25.5925,25.8644,25.8644,908000.0,908000.0,-1.524,-0.2552857142857143,26.94661047619048
2003-10-01,BOKF,BOK Financial Corporation,NASDAQ,1991-09-05,2444220000.0,25.8887,27.4837,25.5124,25.7621,25.7621,1551700.0,1551700.0,-1.0097999999999998,-0.15891304347826088,26.16337086956522
2003-11-01,BOKF,BOK Financial Corporation,NASDAQ,1991-09-05,2503060000.0,25.9292,26.7796,25.6185,26.4232,26.4232,728000.0,728000.0,1.0291000000000001,0.21642105263157885,26.326119473684212
2003-12-01,BOKF,BOK Financial Corporation,NASDAQ,1991-09-05,2499735000.0,25.9063,26.7975,25.8849,26.3891,26.3891,732100.0,732100.0,0.8933,0.15922727272727275,26.487905
2004-01-01,BOKF,BOK Financial Corporation,NASDAQ,1991-09-05,2537640000.0,26.5278,27.5865,26.239,26.7844,26.7844,650100.0,650100.0,2.3493,0.45024999999999993,26.769359499999997
2004-02-01,BOKF,BOK Financial Corporation,NASDAQ,1991-09-05,2629314000.0,26.6375,27.9668,26.2781,27.6704,27.6704,947100.0,947100.0,3.136099999999999,0.6178421052631579,27.38569736842105
2004-03-01,BOKF,BOK Financial Corporation,NASDAQ,1991-09-05,2655327000.0,27.0474,28.1085,27.0405,27.9431,27.9431,524400.0,524400.0,3.6312,0.5795652173913043,27.691356086956525
2004-04-01,BOKF,BOK Financial Corporation,NASDAQ,1991-09-05,2529264000.0,27.7366,29.0844,26.4434,26.6209,26.6209,980100.0,980100.0,-1.6308999999999998,-0.26142857142857145,27.941422380952385
2004-05-01,BOKF,BOK Financial Corporation,NASDAQ,1991-09-05,2537935000.0,26.5678,27.587,25.832,26.7105,26.7105,566500.0,566500.0,0.532,0.1186,26.654984999999993
2004-06-01,BOKF,BOK Financial Corporation,NASDAQ,1991-09-05,2619309000.0,26.6189,28.3465,26.1989,27.5669,27.5669,537200.0,537200.0,1.8000000000000003,0.3242380952380953,27.306829523809522
2004-07-01,BOKF,BOK Financial Corporation,NASDAQ,1991-09-05,2736701000.0,27.4525,28.9614,27.1425,28.8024,28.8024,781900.0,781900.0,2.4399999999999995,0.41919047619047606,28.014731904761902
2004-08-01,BOKF,BOK Financial Corporation,NASDAQ,1991-09-05,2857140000.0,28.4877,30.4951,27.8551,30.1151,30.1151,721300.0,721300.0,2.069899999999999,0.33145454545454545,29.152023636363637
2004-09-01,BOKF,BOK Financial Corporation,NASDAQ,1991-09-05,2971026000.0,30.3255,32.4297,29.9138,31.3155,31.3155,698400.0,698400.0,2.4899999999999998,0.39914285714285713,31.246238571428574
2004-10-01,BOKF,BOK Financial Corporation,NASDAQ,1991-09-05,3030966000.0,31.3639,32.5109,30.9056,31.9473,31.9473,733900.0,733900.0,1.1199999999999997,0.1777142857142857,31.63650857142857
2004-11-01,BOKF,BOK Financial Corporation,NASDAQ,1991-09-05,3264720000.0,31.9324,34.6968,31.5711,34.2568,34.2568,846600.0,846600.0,3.6100000000000008,0.5319999999999999,32.89085761904762
2004-12-01,BOKF,BOK Financial Corporation,NASDAQ,1991-09-05,3262044000.0,34.1036,34.8336,32.9085,34.2288,34.2288,743800.0,743800.0,1.05,0.14804545454545454,34.02813090909091
2005-01-01,BOKF,BOK Financial Corporation,NASDAQ,1991-09-05,2817159000.0,34.1632,34.6454,29.5606,29.5606,29.5606,1312000.0,1312000.0,-6.629999999999999,-1.0208999999999997,32.157917999999995
2005-02-01,BOKF,BOK Financial Corporation,NASDAQ,1991-09-05,2714133000.0,29.3237,30.4077,27.5094,28.4795,28.4795,1432300.0,1432300.0,-1.0501,-0.16557894736842105,29.072439473684206
2005-03-01,BOKF,BOK Financial Corporation,NASDAQ,1991-09-05,2721492000.0,28.2843,30.3293,27.6541,28.5567,28.5567,2006800.0,2006800.0,0.66,0.11850000000000001,28.865620909090918
2005-04-01,BOKF,BOK Financial Corporation,NASDAQ,1991-09-05,2799765000.0,28.9214,29.8672,27.9019,29.378,29.378,842300.0,842300.0,0.9800000000000001,0.17538095238095236,28.747074285714287
2005-05-01,BOKF,BOK Financial Corporation,NASDAQ,1991-09-05,3029740000.0,29.0208,32.0365,28.8908,31.8157,31.8157,1275600.0,1275600.0,3.8000000000000007,0.6030476190476188,31.019526666666668
2005-06-01,BOKF,BOK Financial Corporation,NASDAQ,1991-09-05,3090040000.0,31.6009,32.4819,30.8424,32.4489,32.4489,964800.0,964800.0,0.2899999999999999,0.049363636363636366,31.72656545454545
2005-07-01,BOKF,BOK Financial Corporation,NASDAQ,1991-09-05,3261560000.0,32.3067,35.2575,32.2419,34.2501,34.2501,721500.0,721500.0,3.0099999999999993,0.45935,33.6873825
2005-08-01,BOKF,BOK Financial Corporation,NASDAQ,1991-09-05,3176524000.0,34.1827,34.4481,31.7117,33.1332,33.1332,876500.0,876500.0,0.019999999999999907,0.020043478260869635,32.53637739130434
2005-09-01,BOKF,BOK Financial Corporation,NASDAQ,1991-09-05,3256292000.0,33.0795,34.13,32.6595,33.9652,33.9652,771700.0,771700.0,1.3299999999999998,0.1956190476190476,33.47381571428572
2005-10-01,BOKF,BOK Financial Corporation,NASDAQ,1991-09-05,2975752000.0,33.7743,34.3111,30.4388,31.039,31.039,1137600.0,1137600.0,-3.3399999999999994,-0.4698571428571429,32.334879047619054
2005-11-01,BOKF,BOK Financial Corporation,NASDAQ,1991-09-05,3191947000.0,30.792,34.0896,30.4249,33.6171,33.6171,860400.0,860400.0,3.1399999999999992,0.47328571428571437,32.41850761904762
2005-12-01,BOKF,BOK Financial Corporation,NASDAQ,1991-09-05,3048353000.0,33.7297,34.3839,31.5245,32.1048,32.1048,870300.0,870300.0,-1.52,-0.20504761904761906,32.972277142857145
2006-01-01,BOKF,BOK Financial Corporation,NASDAQ,1991-09-05,3059760000.0,31.8299,33.2496,31.3899,32.2249,32.2249,663200.0,663200.0,1.2499999999999998,0.20069999999999996,32.500176499999995
2006-02-01,BOKF,BOK Financial Corporation,NASDAQ,1991-09-05,3087051000.0,32.7628,32.7628,31.1782,32.4881,32.4881,649300.0,649300.0,0.27000000000000013,0.0566842105263158,31.89133157894737
2006-03-01,BOKF,BOK Financial Corporation,NASDAQ,1991-09-05,3200115000.0,32.2598,34.0247,32.0944,33.678,33.678,962400.0,962400.0,2.9200000000000004,0.38834782608695656,33.17981347826087
2006-04-01,BOKF,BOK Financial Corporation,NASDAQ,1991-09-05,3276164000.0,33.618,34.7671,32.9714,34.4784,34.4784,794300.0,794300.0,1.4599999999999997,0.23405263157894732,33.966200526315795
2006-05-01,BOKF,BOK Financial Corporation,NASDAQ,1991-09-05,3303757000.0,34.34,35.5162,33.4293,34.8747,34.8747,908300.0,908300.0,-0.19010000000000005,-0.020681818181818166,34.57448136363636
2006-06-01,BOKF,BOK Financial Corporation,NASDAQ,1991-09-05,3342791000.0,34.7259,35.5268,33.1524,35.2867,35.2867,956500.0,956500.0,0.1499999999999999,0.030772727272727254,34.38717409090909
2006-07-01,BOKF,BOK Financial Corporation,NASDAQ,1991-09-05,3461239000.0,35.1659,36.9596,33.9642,36.5371,36.5371,475200.0,475200.0,2.0200000000000005,0.29665,35.236191999999996
2006-08-01,BOKF,BOK Financial Corporation,NASDAQ,1991-09-05,3499600000.0,36.4404,38.2979,36.2804,37.0475,37.0475,795500.0,795500.0,2.1799000000000004,0.2609130434782609,37.29357173913044
2006-09-01,BOKF,BOK Financial Corporation,NASDAQ,1991-09-05,3539980000.0,37.0547,37.8947,35.6885,37.475,37.475,627500.0,627500.0,0.5299999999999999,0.073,37.100088
2006-10-01,BOKF,BOK Financial Corporation,NASDAQ,1991-09-05,3459220000.0,37.4832,38.2714,36.2314,36.62,36.62,1160000.0,1160000.0,0.38000000000000006,0.050136363636363666,37.28634
2006-11-01,BOKF,BOK Financial Corporation,NASDAQ,1991-09-05,3632186000.0,36.5367,38.587,35.6634,38.507,38.507,840500.0,840500.0,4.64,0.6039047619047618,37.00918619047619
2006-12-01,BOKF,BOK Financial Corporation,NASDAQ,1991-09-05,3705652000.0,38.7255,39.5558,37.0497,39.2858,39.2858,769100.0,769100.0,0.6899000000000001,0.09550000000000003,38.113639
2007-01-01,BOKF,BOK Financial Corporation,NASDAQ,1991-09-05,3583658000.0,39.0716,39.9756,36.9625,37.9925,37.9925,810500.0,810500.0,-1.3799000000000006,-0.1725,38.081768000000004
2007-02-01,BOKF,BOK Financial Corporation,NASDAQ,1991-09-05,3388788000.0,38.171,38.2647,35.8921,35.9221,35.9221,470900.0,470900.0,-2.9701,-0.41226315789473683,37.62928000000001
2007-03-01,BOKF,BOK Financial Corporation,NASDAQ,1991-09-05,3348228000.0,35.726,38.2844,35.1022,35.4922,35.4922,1295800.0,1295800.0,1.72,0.22213636363636366,36.80325318181818
2007-04-01,BOKF,BOK Financial Corporation,NASDAQ,1991-09-05,3469908000.0,35.4919,37.4688,34.7576,36.782,36.782,1851000.0,1851000.0,2.4100999999999986,0.3436499999999999,36.18851
2007-05-01,BOKF,BOK Financial Corporation,NASDAQ,1991-09-05,3669328000.0,36.6026,39.7247,36.6026,39.0412,39.0412,1185200.0,1185200.0,2.8499999999999996,0.3542272727272727,38.6839540909091
2007-06-01,BOKF,BOK Financial Corporation,NASDAQ,1991-09-05,3611192000.0,39.174,39.444,35.932,38.4226,38.4226,804900.0,804900.0,1.1500000000000001,0.1608571428571428,37.82877761904762
2007-07-01,BOKF,BOK Financial Corporation,NASDAQ,1991-09-05,3381352000.0,38.4522,39.3914,35.3699,35.9771,35.9771,1289400.0,1289400.0,-2.29,-0.2884285714285714,37.79591666666666
2007-08-01,BOKF,BOK Financial Corporation,NASDAQ,1991-09-05,3437775000.0,36.0924,39.1213,33.498,36.783,36.783,2102700.0,2102700.0,0.4800000000000003,0.10426086956521745,36.414375217391296
2007-09-01,BOKF,BOK Financial Corporation,NASDAQ,1991-09-05,3470175000.0,36.3719,38.7097,36.2419,37.1297,37.1297,1204100.0,1204100.0,0.6499999999999998,0.10694736842105264,37.160097368421056
2007-10-01,BOKF,BOK Financial Corporation,NASDAQ,1991-09-05,3681450000.0,36.9858,39.8969,36.8642,39.3903,39.3903,1227800.0,1227800.0,2.63,0.3170434782608696,38.36293565217391
2007-11-01,BOKF,BOK Financial Corporation,NASDAQ,1991-09-05,3694950000.0,39.4958,40.2712,36.948,39.6855,39.6855,1572200.0,1572200.0,-2.13,-0.23714285714285716,38.624181904761905
2007-12-01,BOKF,BOK Financial Corporation,NASDAQ,1991-09-05,3489750000.0,39.852,41.0032,36.4923,37.4815,37.4815,2567500.0,2567500.0,-1.45,-0.17295,38.68016299999999
2008-01-01,BOKF,BOK Financial Corporation,NASDAQ,1991-09-05,3677400000.0,37.9018,39.817,32.1598,39.497,39.497,2413700.0,2413700.0,5.899900000000001,0.9208571428571429,36.08983523809523
2008-02-01,BOKF,BOK Financial Corporation,NASDAQ,1991-09-05,3491100000.0,39.0212,40.3012,36.7235,37.6409,37.6409,1868300.0,1868300.0,-1.0400000000000003,-0.11214999999999994,38.228564
2008-03-01,BOKF,BOK Financial Corporation,NASDAQ,1991-09-05,3525525000.0,38.3094,40.042,35.1163,38.0121,38.0121,2389100.0,2389100.0,0.47989999999999977,0.1153000000000001,37.7422905
2008-04-01,BOKF,BOK Financial Corporation,NASDAQ,1991-09-05,3854250000.0,38.1325,44.7077,35.6662,41.5563,41.5563,3248200.0,3248200.0,1.12,0.18086363636363648,39.65390045454545
2008-05-01,BOKF,BOK Financial Corporation,NASDAQ,1991-09-05,3930525000.0,41.3507,45.2008,40.7907,42.5382,42.5382,2563500.0,2563500.0,1.9500000000000006,0.24685714285714286,43.17316333333334
2008-06-01,BOKF,BOK Financial Corporation,NASDAQ,1991-09-05,3607875000.0,42.6504,42.8204,37.8091,39.0463,39.0463,2532100.0,2532100.0,-5.559999999999999,-0.6143333333333333,40.23022380952381
2008-07-01,BOKF,BOK Financial Corporation,NASDAQ,1991-09-05,2706075000.0,38.2346,43.1062,27.5629,29.2866,29.2866,10959900.0,10959900.0,-10.66,-1.2183181818181816,31.855352727272734
2008-08-01,BOKF,BOK Financial Corporation,NASDAQ,1991-09-05,2935944000.0,29.4088,34.87,28.1588,31.9821,31.9821,4690900.0,4690900.0,4.2299999999999995,0.7366666666666666,31.276921904761906
2008-09-01,BOKF,BOK Financial Corporation,NASDAQ,1991-09-05,3262834000.0,32.2055,45.0499,31.1411,35.543,35.543,4590800.0,4590800.0,8.63,1.523952380952381,35.32914380952381
2008-10-01,BOKF,BOK Financial Corporation,NASDAQ,1991-09-05,3224416000.0,35.5389,41.2214,28.1806,35.1245,35.1245,3684900.0,3684900.0,-3.4400000000000017,-0.08995652173913044,34.303727391304356
2008-11-01,BOKF,BOK Financial Corporation,NASDAQ,1991-09-05,3131325000.0,33.5329,38.102,25.8122,34.2272,34.2272,2416600.0,2416600.0,-2.4301000000000004,-0.21236842105263135,32.82947210526315
2008-12-01,BOKF,BOK Financial Corporation,NASDAQ,1991-09-05,2727000000.0,35.2018,35.5918,27.3833,29.8077,29.8077,2638500.0,2638500.0,-8.239999999999998,-0.9516818181818181,30.499045909090906
2009-01-01,BOKF,BOK Financial Corporation,NASDAQ,1991-09-05,2517750000.0,29.7914,30.7032,23.984,27.5205,27.5205,3065100.0,3065100.0,-2.580000000000002,-0.3492000000000002,27.3177435
2009-02-01,BOKF,BOK Financial Corporation,NASDAQ,1991-09-05,2028740000.0,27.4481,29.4242,21.0754,22.3498,22.3498,3436900.0,3436900.0,-5.160000000000001,-1.0225263157894733,24.98697894736842
2009-03-01,BOKF,BOK Financial Corporation,NASDAQ,1991-09-05,2325300000.0,22.2292,27.29,16.4603,25.6169,25.6169,7407700.0,7407700.0,6.24,1.5392727272727271,21.826237272727273
2009-04-01,BOKF,BOK Financial Corporation,NASDAQ,1991-09-05,2538284000.0,24.5989,30.2131,23.823,27.9632,27.9632,6613000.0,6613000.0,6.92,1.3561904761904764,27.566457142857146
2009-05-01,BOKF,BOK Financial Corporation,NASDAQ,1991-09-05,2733744000.0,28.7187,33.0522,26.6153,30.2951,30.2951,7182700.0,7182700.0,0.9301000000000004,0.29875,29.900900499999995
2009-06-01,BOKF,BOK Financial Corporation,NASDAQ,1991-09-05,2538958000.0,30.6382,31.7089,26.8513,28.1365,28.1365,6824000.0,6824000.0,-3.37,-0.47172727272727283,29.35261590909091
2009-07-01,BOKF,BOK Financial Corporation,NASDAQ,1991-09-05,2823386000.0,28.0748,31.5885,25.4705,31.2885,31.2885,3320200.0,3320200.0,3.97,0.6743181818181818,27.91913545454545
2009-08-01,BOKF,BOK Financial Corporation,NASDAQ,1991-09-05,3053700000.0,31.5356,36.736,31.0592,33.9708,33.9708,2874000.0,2874000.0,3.2499999999999996,0.5102380952380953,33.8908742857143
2009-09-01,BOKF,BOK Financial Corporation,NASDAQ,1991-09-05,3126600000.0,34.0636,37.1075,31.7696,34.7818,34.7818,2363500.0,2363500.0,0.6998999999999997,0.13366666666666666,34.21168857142856
2009-10-01,BOKF,BOK Financial Corporation,NASDAQ,1991-09-05,2900475000.0,34.9183,36.0893,31.7463,32.2663,32.2663,3251800.0,3251800.0,-3.0299000000000005,-0.37254545454545446,34.45296681818182
2009-11-01,BOKF,BOK Financial Corporation,NASDAQ,1991-09-05,3142048000.0,32.7503,35.3441,30.4058,35.0941,35.0941,2260300.0,2260300.0,5.83,0.93835,33.269861
2009-12-01,BOKF,BOK Financial Corporation,NASDAQ,1991-09-05,3212352000.0,35.2829,37.0094,34.349,35.8794,35.8794,2020000.0,2020000.0,1.2899999999999998,0.1696818181818182,35.60639136363637
2010-01-01,BOKF,BOK Financial Corporation,NASDAQ,1991-09-05,3204916000.0,35.9469,38.6151,35.0468,35.7963,35.7963,2323500.0,2323500.0,0.030000000000000138,0.0428421052631579,36.715425789473684
2010-02-01,BOKF,BOK Financial Corporation,NASDAQ,1991-09-05,3117444000.0,35.7765,36.3865,33.457,34.8998,34.8998,1577100.0,1577100.0,-0.9800000000000001,-0.13363157894736838,35.25133526315789
2010-03-01,BOKF,BOK Financial Corporation,NASDAQ,1991-09-05,3555432000.0,34.9532,40.68,34.2929,39.803,39.803,3527300.0,3527300.0,5.809999999999999,0.7071304347826085,37.376780000000004
2010-04-01,BOKF,BOK Financial Corporation,NASDAQ,1991-09-05,3690354000.0,40.0068,42.9872,38.5975,41.3135,41.3135,2135300.0,2135300.0,1.8897999999999997,0.26314285714285723,40.65374714285715
2010-05-01,BOKF,BOK Financial Corporation,NASDAQ,1991-09-05,3432345000.0,41.7871,43.0735,37.2422,38.5422,38.5422,2331300.0,2331300.0,-4.05,-0.4789,40.42009449999999
2010-06-01,BOKF,BOK Financial Corporation,NASDAQ,1991-09-05,3223213000.0,38.634,40.3946,35.9939,36.1939,36.1939,2327200.0,2327200.0,-3.030100000000001,-0.34531818181818186,38.622657727272724
2010-07-01,BOKF,BOK Financial Corporation,NASDAQ,1991-09-05,3307409000.0,36.2454,38.705,34.7054,37.1393,37.1393,1406300.0,1406300.0,1.9599999999999997,0.28661904761904755,36.831312380952376
2010-08-01,BOKF,BOK Financial Corporation,NASDAQ,1991-09-05,3013032000.0,37.6955,38.654,33.4961,34.0584,34.0584,1252500.0,1252500.0,-2.0098999999999996,-0.24359090909090905,35.70253045454545
2010-09-01,BOKF,BOK Financial Corporation,NASDAQ,1991-09-05,3059814000.0,34.2394,35.9396,32.5405,34.5872,34.5872,2687600.0,2687600.0,-0.2899999999999995,-0.028285714285714407,33.99489190476191
2010-10-01,BOKF,BOK Financial Corporation,NASDAQ,1991-09-05,3134394000.0,34.5896,35.8703,34.0396,35.4303,35.4303,1461600.0,1461600.0,0.6399,0.09885714285714284,34.81986238095239
2010-11-01,BOKF,BOK Financial Corporation,NASDAQ,1991-09-05,3170930000.0,35.647,39.2775,34.667,35.9774,35.9774,1538200.0,1538200.0,1.4199999999999993,0.20033333333333334,36.77134095238095
2010-12-01,BOKF,BOK Financial Corporation,NASDAQ,1991-09-05,3625860000.0,36.0981,42.4729,36.0981,41.139,41.139,1890800.0,1890800.0,6.110000000000001,0.7336363636363633,40.090377727272724
2011-01-01,BOKF,BOK Financial Corporation,NASDAQ,1991-09-05,3509072000.0,41.1333,43.7429,39.454,39.814,39.814,1519200.0,1519200.0,-1.32,-0.13329999999999997,41.7495065
2011-02-01,BOKF,BOK Financial Corporation,NASDAQ,1991-09-05,3502070000.0,39.8713,40.6858,38.691,39.751,39.751,1430500.0,1430500.0,1.35,0.18352631578947368,39.69220421052631
2011-03-01,BOKF,BOK Financial Corporation,NASDAQ,1991-09-05,3524576000.0,39.011,41.0405,38.771,40.0064,40.0064,2013400.0,2013400.0,0.6899999999999996,0.0813043478260869,39.93896304347825
2011-04-01,BOKF,BOK Financial Corporation,NASDAQ,1991-09-05,3667796000.0,40.2977,42.0524,38.5158,41.6321,41.6321,927200.0,927200.0,0.8900000000000001,0.11510000000000006,40.0675295
2011-05-01,BOKF,BOK Financial Corporation,NASDAQ,1991-09-05,3615282000.0,41.7753,42.2433,39.2047,41.2467,41.2467,914600.0,914600.0,-1.1200000000000003,-0.12223809523809524,41.21351571428571
2011-06-01,BOKF,BOK Financial Corporation,NASDAQ,1991-09-05,3735314000.0,41.3687,42.6161,39.2873,42.6161,42.6161,1961300.0,1961300.0,1.1199999999999997,0.12672727272727274,40.69686590909091
2011-07-01,BOKF,BOK Financial Corporation,NASDAQ,1991-09-05,3714172000.0,42.2431,43.6065,40.9956,42.3749,42.3749,1189400.0,1189400.0,-1.4600000000000002,-0.16194999999999998,42.57860599999999
2011-08-01,BOKF,BOK Financial Corporation,NASDAQ,1991-09-05,3345600000.0,42.9892,42.9892,33.7354,38.5046,38.5046,3261500.0,3261500.0,-10.719999999999999,-1.0799130434782611,37.52638913043479
2011-09-01,BOKF,BOK Financial Corporation,NASDAQ,1991-09-05,3188520000.0,38.9806,39.0906,34.1341,36.6967,36.6967,2899000.0,2899000.0,1.1899999999999993,0.232904761904762,36.79397571428572
2011-10-01,BOKF,BOK Financial Corporation,NASDAQ,1991-09-05,3550960000.0,36.9467,42.2093,34.6702,40.868,40.868,3049400.0,3049400.0,3.9299999999999997,0.5389047619047619,38.399906190476194
2011-11-01,BOKF,BOK Financial Corporation,NASDAQ,1991-09-05,3718830000.0,39.4206,43.2801,38.0137,43.1901,43.1901,2526400.0,2526400.0,3.130000000000001,0.3711904761904761,41.408906666666674
2011-12-01,BOKF,BOK Financial Corporation,NASDAQ,1991-09-05,3724254000.0,42.964,44.6543,41.8052,43.2531,43.2531,1952500.0,1952500.0,-1.5999999999999999,-0.16304761904761905,43.24052190476191
2012-01-01,BOKF,BOK Financial Corporation,NASDAQ,1991-09-05,3776460000.0,43.9955,47.0393,42.8412,43.8594,43.8594,1898300.0,1898300.0,3.5499999999999994,0.41364999999999996,45.158764500000004
2012-02-01,BOKF,BOK Financial Corporation,NASDAQ,1991-09-05,3644872000.0,43.2317,43.4017,41.1858,42.5334,42.5334,2273900.0,2273900.0,-0.3799999999999999,-0.03190000000000002,42.231635000000004
2012-03-01,BOKF,BOK Financial Corporation,NASDAQ,1991-09-05,3821412000.0,42.469,46.1079,41.5332,44.5934,44.5934,1490700.0,1490700.0,4.45,0.471409090909091,43.941097272727276
2012-04-01,BOKF,BOK Financial Corporation,NASDAQ,1991-09-05,3872337000.0,44.3527,45.9577,41.8812,45.1877,45.1877,1807400.0,1807400.0,-1.65,-0.1728500000000001,43.670641
2012-05-01,BOKF,BOK Financial Corporation,NASDAQ,1991-09-05,3852325000.0,45.1017,46.6521,43.204,44.464,44.464,1561800.0,1561800.0,0.28009999999999935,0.02968181818181821,45.121053636363634
2012-06-01,BOKF,BOK Financial Corporation,NASDAQ,1991-09-05,4021620000.0,43.6912,46.7081,42.2247,46.4181,46.4181,1289200.0,1289200.0,3.24,0.35457142857142854,44.20466476190476
2012-07-01,BOKF,BOK Financial Corporation,NASDAQ,1991-09-05,3903459000.0,46.5891,47.4823,44.6504,45.0542,45.0542,746600.0,746600.0,0.4400000000000003,0.050428571428571455,46.01877714285714
2012-08-01,BOKF,BOK Financial Corporation,NASDAQ,1991-09-05,3932031000.0,46.422,48.0723,43.7622,46.2174,46.2174,1057900.0,1057900.0,-1.6300000000000003,-0.14152173913043473,46.25702913043478
2012-09-01,BOKF,BOK Financial Corporation,NASDAQ,1991-09-05,4036530000.0,45.8557,48.2348,45.6357,47.4457,47.4457,1190100.0,1190100.0,2.8699999999999997,0.327578947368421,46.964099999999995
2012-10-01,BOKF,BOK Financial Corporation,NASDAQ,1991-09-05,4005795000.0,47.7381,48.1248,45.7515,47.0844,47.0844,1234900.0,1234900.0,-2.7200999999999995,-0.26995238095238094,47.099019999999996
2012-11-01,BOKF,BOK Financial Corporation,NASDAQ,1991-09-05,3737216000.0,47.1205,47.9768,42.4951,45.2922,45.2922,1225600.0,1225600.0,-1.78,-0.18219047619047618,46.019156190476195
2012-12-01,BOKF,BOK Financial Corporation,NASDAQ,1991-09-05,3697834000.0,45.4621,46.6819,41.2715,44.8149,44.8149,1511500.0,1511500.0,-2.86,-0.30954999999999994,45.161404000000005
2013-01-01,BOKF,BOK Financial Corporation,NASDAQ,1991-09-05,3805795000.0,45.2889,46.9925,44.8348,46.1233,46.1233,1846700.0,1846700.0,0.6900000000000004,0.07614285714285714,46.091083333333344
2013-02-01,BOKF,BOK Financial Corporation,NASDAQ,1991-09-05,4041240000.0,46.166,49.7292,45.8844,49.2272,49.2272,1721300.0,1721300.0,2.5,0.28473684210526323,47.81620052631579
2013-03-01,BOKF,BOK Financial Corporation,NASDAQ,1991-09-05,4236400000.0,49.1966,52.2938,48.7366,51.6045,51.6045,1403900.0,1403900.0,0.8100000000000002,0.08299999999999998,50.774198999999996
2013-04-01,BOKF,BOK Financial Corporation,NASDAQ,1991-09-05,4249320000.0,51.5925,52.2119,49.9509,51.7619,51.7619,1215300.0,1215300.0,-1.5599999999999998,-0.1323636363636364,51.23022363636364
2013-05-01,BOKF,BOK Financial Corporation,NASDAQ,1991-09-05,4504920000.0,51.8588,55.3334,51.2488,54.2401,54.2401,1095300.0,1095300.0,2.17,0.18713636363636363,53.78397545454547
2013-06-01,BOKF,BOK Financial Corporation,NASDAQ,1991-09-05,4432260000.0,54.3517,54.7518,51.7437,53.3652,53.3652,1511500.0,1511500.0,-2.26,-0.20729999999999998,53.058949
2013-07-01,BOKF,BOK Financial Corporation,NASDAQ,1991-09-05,4614948000.0,53.6434,57.8879,52.4565,55.5648,55.5648,1382600.0,1382600.0,-0.6897999999999995,-0.04963636363636367,55.787956818181826
2013-08-01,BOKF,BOK Financial Corporation,NASDAQ,1991-09-05,4377347000.0,55.703,56.883,53.4463,53.7063,53.7063,1038000.0,1038000.0,-4.03,-0.32813636363636367,55.34212909090909
2013-09-01,BOKF,BOK Financial Corporation,NASDAQ,1991-09-05,4326805000.0,54.2447,55.2935,52.6662,53.0862,53.0862,1382500.0,1382500.0,-3.3199,-0.3027500000000001,53.961614499999996
2013-10-01,BOKF,BOK Financial Corporation,NASDAQ,1991-09-05,4182009000.0,53.1836,54.8301,50.6697,51.3097,51.3097,1736600.0,1736600.0,-0.9500000000000002,-0.0665217391304348,53.14647782608695
2013-11-01,BOKF,BOK Financial Corporation,NASDAQ,1991-09-05,4323390000.0,51.2181,54.9967,50.7181,53.3867,53.3867,1345300.0,1345300.0,-0.050000000000000044,0.005899999999999994,52.786916000000005
2013-12-01,BOKF,BOK Financial Corporation,NASDAQ,1991-09-05,4529656000.0,53.5289,56.2454,51.3487,55.9338,55.9338,1980500.0,1980500.0,1.6199,0.1437142857142857,53.590966190476195
2014-01-01,BOKF,BOK Financial Corporation,NASDAQ,1991-09-05,4388958000.0,56.0991,56.2885,53.0709,54.1964,54.1964,1748600.0,1748600.0,-2.8699,-0.24285714285714288,54.72555333333333
2014-02-01,BOKF,BOK Financial Corporation,NASDAQ,1991-09-05,4434005000.0,54.4692,55.7436,52.2531,54.9336,54.9336,2358000.0,2358000.0,0.5400000000000004,0.058157894736842096,53.91879999999999
2014-03-01,BOKF,BOK Financial Corporation,NASDAQ,1991-09-05,4729925000.0,54.7048,60.2436,54.2848,58.5998,58.5998,3010900.0,3010900.0,2.170199999999999,0.19033333333333338,57.39497523809523
2014-04-01,BOKF,BOK Financial Corporation,NASDAQ,1991-09-05,4481270000.0,58.6575,60.5454,54.9492,55.5192,55.5192,2493500.0,2493500.0,-4.529999999999999,-0.3724285714285715,57.342084761904765
2014-05-01,BOKF,BOK Financial Corporation,NASDAQ,1991-09-05,4300430000.0,55.6252,56.7864,52.4624,53.6126,53.6126,1984600.0,1984600.0,-2.2099999999999995,-0.1869047619047619,54.181895714285716
2014-06-01,BOKF,BOK Financial Corporation,NASDAQ,1991-09-05,4562100000.0,53.6925,57.1648,52.9625,56.8748,56.8748,2006400.0,2006400.0,4.38,0.3829523809523811,55.537371428571426
2014-07-01,BOKF,BOK Financial Corporation,NASDAQ,1991-09-05,4537440000.0,56.718,58.6673,53.9009,56.5673,56.5673,1932000.0,1932000.0,0.06999999999999984,0.022545454545454566,56.23051863636365
2014-08-01,BOKF,BOK Financial Corporation,NASDAQ,1991-09-05,4622268000.0,56.8147,58.8359,55.4255,57.8898,57.8898,1159300.0,1159300.0,1.58,0.13452380952380952,57.07275809523809
2014-09-01,BOKF,BOK Financial Corporation,NASDAQ,1991-09-05,4560528000.0,57.8573,59.8825,56.6473,57.1166,57.1166,2212500.0,2212500.0,0.17999999999999994,0.018000000000000016,58.2006661904762
2014-10-01,BOKF,BOK Financial Corporation,NASDAQ,1991-09-05,4703216000.0,57.0681,59.4336,53.3446,58.9036,58.9036,2310100.0,2310100.0,3.4,0.26973913043478254,56.678966086956514
2014-11-01,BOKF,BOK Financial Corporation,NASDAQ,1991-09-05,4421270000.0,58.9104,59.4915,55.5455,55.7155,55.7155,2686100.0,2686100.0,-5.0,-0.44484210526315787,58.21120210526316
2014-12-01,BOKF,BOK Financial Corporation,NASDAQ,1991-09-05,4118744000.0,55.9256,56.5089,48.9758,51.9032,51.9032,7743400.0,7743400.0,-7.120099999999998,-0.5844090909090908,52.562964090909084
2015-01-01,BOKF,BOK Financial Corporation,NASDAQ,1991-09-05,3711946000.0,52.3172,52.3172,45.6633,46.7768,46.7768,7187000.0,7187000.0,-5.01,-0.48095000000000016,48.1843825
2015-02-01,BOKF,BOK Financial Corporation,NASDAQ,1991-09-05,4029700000.0,46.8286,52.7701,46.5186,51.3695,51.3695,4800300.0,4800300.0,2.9100999999999995,0.3323157894736841,50.91159999999999
2015-03-01,BOKF,BOK Financial Corporation,NASDAQ,1991-09-05,4181326000.0,51.4197,53.8179,50.5566,53.3024,53.3024,5167100.0,5167100.0,1.5300000000000002,0.13631818181818187,52.43280999999999
2015-04-01,BOKF,BOK Financial Corporation,NASDAQ,1991-09-05,4452477000.0,53.4613,57.4689,52.0727,56.7589,56.7589,4532800.0,4532800.0,1.6100000000000012,0.14990476190476187,54.6909419047619
2015-05-01,BOKF,BOK Financial Corporation,NASDAQ,1991-09-05,4411176000.0,57.2498,58.2182,55.4281,56.6794,56.6794,2872400.0,2872400.0,-2.38,-0.20455,56.84265799999999
2015-06-01,BOKF,BOK Financial Corporation,NASDAQ,1991-09-05,4745356000.0,57.1506,62.9049,55.9306,60.9733,60.9733,3316700.0,3316700.0,4.3999999999999995,0.3443181818181818,59.84890136363637
2015-07-01,BOKF,BOK Financial Corporation,NASDAQ,1991-09-05,4532572000.0,61.2684,62.295,56.1474,58.2393,58.2393,4141300.0,4141300.0,-4.77,-0.3583636363636363,59.434322272727265
2015-08-01,BOKF,BOK Financial Corporation,NASDAQ,1991-09-05,4290384000.0,58.2718,59.7592,50.2945,55.8032,55.8032,5024400.0,5024400.0,2.82,0.25652380952380954,56.58209952380951
2015-09-01,BOKF,BOK Financial Corporation,NASDAQ,1991-09-05,4387338000.0,54.9057,57.8667,53.0357,57.0642,57.0642,4335500.0,4335500.0,2.7499000000000002,0.24561904761904768,55.46807190476189
2015-10-01,BOKF,BOK Financial Corporation,NASDAQ,1991-09-05,4554804000.0,57.2754,60.5045,53.181,59.2424,59.2424,4559300.0,4559300.0,4.729900000000001,0.39136363636363636,56.6749059090909
2015-11-01,BOKF,BOK Financial Corporation,NASDAQ,1991-09-05,4578525000.0,59.0914,66.5641,58.9814,61.0785,61.0785,4309100.0,4309100.0,2.2399999999999998,0.19699999999999993,61.65263800000001
2015-12-01,BOKF,BOK Financial Corporation,NASDAQ,1991-09-05,3976035000.0,61.3526,61.5727,51.5959,53.0411,53.0411,8002700.0,8002700.0,-7.339900000000001,-0.5712727272727274,55.813685000000014
2016-01-01,BOKF,BOK Financial Corporation,NASDAQ,1991-09-05,3325665000.0,51.8775,52.3975,38.9365,44.365,44.365,12732300.0,12732300.0,-6.13,-0.6553684210526317,45.208308421052635
2016-02-01,BOKF,BOK Financial Corporation,NASDAQ,1991-09-05,3191211000.0,43.9444,46.8773,41.2262,43.7429,43.7429,8092900.0,8092900.0,-1.31,-0.12924999999999998,44.061199
2016-03-01,BOKF,BOK Financial Corporation,NASDAQ,1991-09-05,3566686000.0,43.6934,54.0132,42.8634,48.8897,48.8897,10508200.0,10508200.0,5.110100000000002,0.535318181818182,50.0728509090909
2016-04-01,BOKF,BOK Financial Corporation,NASDAQ,1991-09-05,3929754000.0,48.4113,55.9919,45.9487,53.8663,53.8663,7624000.0,7624000.0,11.700000000000001,1.090285714285714,50.74152523809525
2016-05-01,BOKF,BOK Financial Corporation,NASDAQ,1991-09-05,4162222000.0,53.8462,58.1398,50.3069,57.4698,57.4698,4252600.0,4252600.0,3.0399999999999996,0.2702380952380953,53.80684000000001
2016-06-01,BOKF,BOK Financial Corporation,NASDAQ,1991-09-05,4094310000.0,56.9846,58.7813,50.4945,56.5321,56.5321,6274700.0,6274700.0,0.7098999999999998,0.05709090909090906,55.06965454545455
2016-07-01,BOKF,BOK Financial Corporation,NASDAQ,1991-09-05,4259519000.0,56.157,61.7909,50.8757,58.8132,58.8132,5253900.0,5253900.0,3.4400000000000004,0.30585000000000007,57.649741500000005
2016-08-01,BOKF,BOK Financial Corporation,NASDAQ,1991-09-05,4503364000.0,58.9498,63.6378,56.4996,62.6754,62.6754,3429300.0,3429300.0,3.7999999999999994,0.27704347826086956,60.675081304347835
2016-09-01,BOKF,BOK Financial Corporation,NASDAQ,1991-09-05,4496844000.0,62.7907,63.5917,59.5296,62.5847,62.5847,3507100.0,3507100.0,0.51,0.050428571428571434,61.50744095238094
2016-10-01,BOKF,BOK Financial Corporation,NASDAQ,1991-09-05,4630504000.0,61.9043,66.9465,61.2215,64.4448,64.4448,3494300.0,3494300.0,0.09000000000000002,0.024285714285714285,63.728095238095236
2016-11-01,BOKF,BOK Financial Corporation,NASDAQ,1991-09-05,5204736000.0,64.7573,75.6907,62.2217,73.3385,73.3385,5299500.0,5299500.0,6.14,0.42600000000000016,70.29786476190476
2016-12-01,BOKF,BOK Financial Corporation,NASDAQ,1991-09-05,5380992000.0,73.9342,77.6978,72.9755,75.8221,75.8221,4766100.0,4766100.0,0.4299000000000003,0.03328571428571429,75.91187047619049
2017-01-01,BOKF,BOK Financial Corporation,NASDAQ,1991-09-05,5329152000.0,75.8873,77.6321,73.0204,75.0917,75.0917,3335900.0,3335900.0,1.62,0.11539999999999999,75.39380799999999
2017-02-01,BOKF,BOK Financial Corporation,NASDAQ,1991-09-05,5343408000.0,75.8151,77.7922,73.5094,75.6963,75.6963,2211300.0,2211300.0,2.0101000000000004,0.14184210526315788,75.96294684210527
2017-03-01,BOKF,BOK Financial Corporation,NASDAQ,1991-09-05,5071896000.0,76.6335,78.4846,67.2726,71.85,71.85,3257900.0,3257900.0,-3.209799999999998,-0.16286956521739124,72.93475
2017-04-01,BOKF,BOK Financial Corporation,NASDAQ,1991-09-05,5461992000.0,72.2059,79.8047,68.2511,77.3762,77.3762,2970300.0,2970300.0,1.1300000000000001,0.10210526315789475,71.76317947368422
2017-05-01,BOKF,BOK Financial Corporation,NASDAQ,1991-09-05,5218344000.0,77.6978,81.9597,73.5179,74.3179,74.3179,3072500.0,3072500.0,-0.6699000000000002,-0.0331363636363636,76.33583954545453
2017-06-01,BOKF,BOK Financial Corporation,NASDAQ,1991-09-05,5451624000.0,74.5369,80.0659,73.5348,77.6401,77.6401,3831400.0,3831400.0,2.3200000000000007,0.1469090909090909,76.59684363636364
2017-07-01,BOKF,BOK Financial Corporation,NASDAQ,1991-09-05,5512536000.0,78.0075,82.2191,76.6676,78.5076,78.5076,2330300.0,2330300.0,-1.3500000000000003,-0.078,78.67379799999999
2017-08-01,BOKF,BOK Financial Corporation,NASDAQ,1991-09-05,5215104000.0,78.7337,79.926,73.2231,74.6603,74.6603,1753600.0,1753600.0,-4.3500000000000005,-0.24160869565217397,75.97269652173914
2017-09-01,BOKF,BOK Financial Corporation,NASDAQ,1991-09-05,5772384000.0,74.6091,84.2485,71.4105,82.6385,82.6385,2387800.0,2387800.0,7.400099999999999,0.47965,77.08621
2017-10-01,BOKF,BOK Financial Corporation,NASDAQ,1991-09-05,5603256000.0,82.4896,85.5828,78.708,80.2172,80.2172,2195800.0,2195800.0,-0.8300000000000001,-0.039545454545454536,82.64465318181819
2017-11-01,BOKF,BOK Financial Corporation,NASDAQ,1991-09-05,5767200000.0,81.0426,84.6857,74.0466,83.0157,83.0157,1584500.0,1584500.0,2.920000000000001,0.1865714285714286,79.15314476190476
2017-12-01,BOKF,BOK Financial Corporation,NASDAQ,1991-09-05,5982336000.0,83.336,87.7255,80.396,86.1125,86.1125,2893600.0,2893600.0,-1.9300000000000002,-0.10770000000000002,84.453037
2018-01-01,BOKF,BOK Financial Corporation,NASDAQ,1991-09-05,6265512000.0,86.4205,92.1864,85.1905,90.1887,90.1887,2935400.0,2935400.0,5.93,0.32299999999999995,89.00080857142859
2018-02-01,BOKF,BOK Financial Corporation,NASDAQ,1991-09-05,6129805000.0,89.8168,92.0177,84.0143,88.5244,88.5244,2381200.0,2381200.0,0.09989999999999966,0.026157894736842133,88.80883842105264
2018-03-01,BOKF,BOK Financial Corporation,NASDAQ,1991-09-05,6424451000.0,88.5,100.6861,86.8704,92.7796,92.7796,3303900.0,3303900.0,2.3299999999999996,0.13704761904761908,92.58651952380953
2018-04-01,BOKF,BOK Financial Corporation,NASDAQ,1991-09-05,6534132000.0,92.7182,100.0719,89.6182,94.3636,94.3636,3720800.0,3720800.0,-3.8499999999999996,-0.17423809523809522,95.01582142857143
2018-05-01,BOKF,BOK Financial Corporation,NASDAQ,1991-09-05,6551655000.0,94.3698,100.505,92.6415,95.0307,95.0307,2842800.0,2842800.0,2.4800000000000013,0.12099999999999995,96.63755227272726
2018-06-01,BOKF,BOK Financial Corporation,NASDAQ,1991-09-05,6101249000.0,95.7698,100.0129,86.8559,88.4976,88.4976,6099900.0,6099900.0,-9.479999999999999,-0.47719047619047633,94.18119380952382
2018-07-01,BOKF,BOK Financial Corporation,NASDAQ,1991-09-05,6316717000.0,87.9306,94.6503,87.37,91.623,91.623,4531200.0,4531200.0,0.9699999999999998,0.059000000000000045,91.15880190476193
2018-08-01,BOKF,BOK Financial Corporation,NASDAQ,1991-09-05,6655495000.0,91.955,97.2071,90.6997,97.0271,97.0271,3225200.0,3225200.0,3.7800000000000002,0.1769565217391304,94.3756552173913
2018-09-01,BOKF,BOK Financial Corporation,NASDAQ,1991-09-05,6313472000.0,96.9235,99.577,91.4309,92.0409,92.0409,3902300.0,3902300.0,-7.290100000000001,-0.39542105263157895,97.53094210526315
2018-10-01,BOKF,BOK Financial Corporation,NASDAQ,1991-09-05,5563877000.0,92.1991,93.5891,76.0096,81.113,81.113,7227700.0,7227700.0,-10.36,-0.48800000000000016,85.85988173913044
2018-11-01,BOKF,BOK Financial Corporation,NASDAQ,1991-09-05,6060319413.0,81.9756,86.3233,77.1688,80.2056,80.2056,5190500.0,5190500.0,-1.0300999999999991,-0.05138095238095237,81.64557523809523
2018-12-01,BOKF,BOK Financial Corporation,NASDAQ,1991-09-05,5271687100.3,81.2978,81.4178,66.3979,69.7684,69.7684,6249700.0,6249700.0,-10.0802,-0.6732631578947368,73.02613736842105
2019-01-01,BOKF,BOK Financial Corporation,NASDAQ,1991-09-05,5974770420.1,68.9426,84.5972,68.9426,79.0734,79.0734,4530200.0,4530200.0,7.140000000000001,0.4704285714285714,75.5467980952381
2019-02-01,BOKF,BOK Financial Corporation,NASDAQ,1991-09-05,6457813031.6,79.2314,89.7686,78.5837,86.5475,86.5475,4834100.0,4834100.0,5.900000000000001,0.3808421052631579,84.36138736842106
2019-03-01,BOKF,BOK Financial Corporation,NASDAQ,1991-09-05,5823028004.5,86.9629,87.3429,73.453,78.0401,78.0401,3402500.0,3402500.0,-8.480099999999998,-0.47585714285714287,80.97791857142857
2019-04-01,BOKF,BOK Financial Corporation,NASDAQ,1991-09-05,6222178544.6,78.6803,84.9104,77.2185,83.3895,83.3895,3196700.0,3196700.0,5.899900000000001,0.35480952380952385,81.59103380952381
2019-05-01,BOKF,BOK Financial Corporation,NASDAQ,1991-09-05,5312689107.9,83.3522,84.7108,72.0305,72.1305,72.1305,3050100.0,3050100.0,-3.9201,-0.23554545454545456,78.7605890909091
2019-06-01,BOKF,BOK Financial Corporation,NASDAQ,1991-09-05,5351685224.4,71.9988,75.1053,69.8423,72.66,72.66,2886400.0,2886400.0,-2.6501,-0.17555000000000004,72.730258
2019-07-01,BOKF,BOK Financial Corporation,NASDAQ,1991-09-05,5933081870.4,73.7372,81.7439,71.2132,80.5536,80.5536,4112500.0,4112500.0,3.0700000000000007,0.1909090909090909,75.50854045454543
2019-08-01,BOKF,BOK Financial Corporation,NASDAQ,1991-09-05,5376239308.8,80.72,80.72,70.6283,73.7541,73.7541,3541800.0,3541800.0,-6.7898999999999985,-0.3867272727272727,74.78297772727274
2019-09-01,BOKF,BOK Financial Corporation,NASDAQ,1991-09-05,5588775168.0,73.244,80.2339,71.384,76.6698,76.6698,2697600.0,2697600.0,4.029999999999999,0.26890000000000003,76.90429700000001
2019-10-01,BOKF,BOK Financial Corporation,NASDAQ,1991-09-05,5447555328.0,77.4225,77.7774,70.0022,74.7325,74.7325,3005700.0,3005700.0,-3.670199999999998,-0.20439130434782618,74.34418260869566
2019-11-01,BOKF,BOK Financial Corporation,NASDAQ,1991-09-05,5859127859.4,75.1288,82.2085,75.1288,81.223,81.223,2672400.0,2672400.0,5.68,0.36959999999999993,80.064029
2019-12-01,BOKF,BOK Financial Corporation,NASDAQ,1991-09-05,6144561734.0,81.6797,86.0433,78.8126,85.1798,85.1798,2702900.0,2702900.0,2.4399000000000006,0.14242857142857143,83.60292523809524
2020-01-01,BOKF,BOK Financial Corporation,NASDAQ,1991-09-05,5546978499.0,85.7496,85.7496,76.4357,76.8957,76.8957,4300800.0,4300800.0,1.4200000000000002,0.09976190476190479,81.9518257142857
2020-02-01,BOKF,BOK Financial Corporation,NASDAQ,1991-09-05,5077424308.0,77.4308,80.7537,69.539,71.019,71.019,3645800.0,3645800.0,-3.23,-0.21836842105263157,77.59342052631578
2020-03-01,BOKF,BOK Financial Corporation,NASDAQ,1991-09-05,2984740035.2,70.7751,73.9504,33.8948,41.7482,41.7482,13359700.0,13359700.0,-4.800099999999999,-0.29359090909090924,49.08638818181819
2020-04-01,BOKF,BOK Financial Corporation,NASDAQ,1991-09-05,3632041504.3,39.7541,54.8453,38.8641,50.8021,50.8021,8376400.0,8376400.0,5.590000000000001,0.6876666666666665,46.16559999999999
2020-05-01,BOKF,BOK Financial Corporation,NASDAQ,1991-09-05,3559558321.8,49.9048,56.2338,37.4476,50.5116,50.5116,5982700.0,5982700.0,-10.259999999999996,-0.9772999999999998,47.43812700000001
2020-06-01,BOKF,BOK Financial Corporation,NASDAQ,1991-09-05,3943884336.92253,50.7489,67.0526,50.1089,55.9653,55.9653,6077800.0,6077800.0,-0.3200000000000003,0.07640909090909093,57.73348318181818
2020-07-01,BOKF,BOK Financial Corporation,NASDAQ,1991-09-05,3892175148.87747,56.1822,57.7983,49.2072,55.2315,55.2315,5438106.0,5438106.0,-1.8749999999999998,-0.11227272727272722,53.55219772727271
2020-08-01,BOKF,BOK Financial Corporation,NASDAQ,1991-09-05,3922921095.92253,55.95,63.400002,54.0085,56.139999,56.139999,5091836.0,5091836.0,-1.7428000000000003,-0.11171428571428572,57.782028095238104
2020-09-01,BOKF,BOK Financial Corporation,NASDAQ,1991-09-05,3725167995.57747,55.849998,59.240002,52.650002,53.310001,53.310001,1959300.0,1959300.0,-4.8,-0.8537000000000001,55.474000000000004
