datetime,symbol,name,exchange,begin_date,marketCap,open,high,low,close,adjClose,volume,unadjustedVolume,change,changePercent,vwap
1996-11-01,GEL,Genesis Energy L.P.,NYSE,1996-11-27,179568000,2.6058,2.8558,2.6058,2.7473,2.7473,464300.0,464300.0,0.25,4.782,2.718215
1996-12-01,GEL,Genesis Energy L.P.,NYSE,1996-11-27,176300000,2.7473,2.9973,2.4052,2.6979,2.6979,1419100.0,1419100.0,-0.375,-0.44266666666666665,2.726492380952381
1997-01-01,GEL,Genesis Energy L.P.,NYSE,1996-11-27,179568000,2.8065,3.1223,2.3887,2.7473,2.7473,1447700.0,1447700.0,0.375,0.9832727272727272,2.7220704545454546
1997-02-01,GEL,Genesis Energy L.P.,NYSE,1996-11-27,180600000,2.8558,2.9808,2.4973,2.7637,2.7637,974400.0,974400.0,0.625,1.4062631578947367,2.742143684210527
1997-03-01,GEL,Genesis Energy L.P.,NYSE,1996-11-27,181718000,2.6387,3.2637,2.4381,2.7802,2.7802,1037900.0,1037900.0,0.375,0.9108999999999998,2.7668285
1997-04-01,GEL,Genesis Energy L.P.,NYSE,1996-11-27,163400000,2.8887,3.6095,1.9845,2.6703,2.6703,965000.0,965000.0,-1.625,-2.0239545454545453,2.833875909090909
1997-05-01,GEL,Genesis Energy L.P.,NYSE,1996-11-27,174150000,2.5453,3.1176,2.1156,2.846,2.846,633100.0,633100.0,2.125,4.60052380952381,2.7220685714285717
1997-06-01,GEL,Genesis Energy L.P.,NYSE,1996-11-27,170968000,2.846,3.1683,2.4183,2.7933,2.7933,441700.0,441700.0,-0.625,-0.6937142857142856,2.8165352380952378
1997-07-01,GEL,Genesis Energy L.P.,NYSE,1996-11-27,172000000,2.9183,3.1312,2.4896,2.8809,2.8809,738900.0,738900.0,1.0,1.8371818181818182,2.8144127272727273
1997-08-01,GEL,Genesis Energy L.P.,NYSE,1996-11-27,172516000,2.8629,3.1574,2.6309,2.8899,2.8899,471700.0,471700.0,0.0,0.12219047619047615,2.8654085714285715
1997-09-01,GEL,Genesis Energy L.P.,NYSE,1996-11-27,175784000,3.0949,3.2565,2.56,2.944,2.944,635300.0,635300.0,0.25,0.7103809523809522,2.906868095238095
1997-10-01,GEL,Genesis Energy L.P.,NYSE,1996-11-27,178450000,2.953,3.6405,2.3105,3.0626,3.0626,833300.0,833300.0,0.4375,1.1034347826086957,2.997367391304348
1997-11-01,GEL,Genesis Energy L.P.,NYSE,1996-11-27,171484000,3.1066,3.54,2.7019,2.9426,2.9426,395600.0,395600.0,-1.125,-1.741263157894737,2.9983047368421056
1997-12-01,GEL,Genesis Energy L.P.,NYSE,1996-11-27,140868000,2.8709,3.96,1.8165,2.4168,2.4168,989200.0,989200.0,-4.0,-4.9165,2.742975909090909
1998-01-01,GEL,Genesis Energy L.P.,NYSE,1996-11-27,171484000,1.4948,3.3245,1.4948,3.0196,3.0196,592600.0,592600.0,3.375,9.299800000000001,2.7705885
1998-02-01,GEL,Genesis Energy L.P.,NYSE,1996-11-27,164518000,3.0972,3.4571,2.6124,2.8965,2.8965,440500.0,440500.0,-1.375,-2.018947368421052,2.995362105263158
1998-03-01,GEL,Genesis Energy L.P.,NYSE,1996-11-27,163400000,2.7185,3.6447,2.1826,2.8776,2.8776,378800.0,378800.0,-0.5625,-0.1047727272727273,2.8240631818181816
1998-04-01,GEL,Genesis Energy L.P.,NYSE,1996-11-27,160734000,3.1617,3.2788,2.2412,2.9038,2.9038,415400.0,415400.0,0.1875,0.9075238095238094,2.9081942857142855
1998-05-01,GEL,Genesis Energy L.P.,NYSE,1996-11-27,149468000,3.2302,3.2636,2.3164,2.6998,2.6998,243600.0,243600.0,-2.4375,-3.7994,2.8073230000000002
1998-06-01,GEL,Genesis Energy L.P.,NYSE,1996-11-27,150500000,2.7192,3.0123,2.4262,2.7192,2.7192,280200.0,280200.0,-0.25,-0.1622727272727272,2.729975
1998-07-01,GEL,Genesis Energy L.P.,NYSE,1996-11-27,141384000,2.6665,3.0942,2.3454,2.6279,2.6279,314900.0,314900.0,-0.125,0.026363636363636287,2.744981363636364
1998-08-01,GEL,Genesis Energy L.P.,NYSE,1996-11-27,118250000,2.828,3.0507,1.9257,2.1983,2.1983,439200.0,439200.0,-3.5625,-5.851000000000001,2.4873261904761903
1998-09-01,GEL,Genesis Energy L.P.,NYSE,1996-11-27,132268000,2.2182,2.5907,1.7131,2.4581,2.4581,346000.0,346000.0,2.3125,5.903904761904761,2.308138571428571
1998-10-01,GEL,Genesis Energy L.P.,NYSE,1996-11-27,152650000,2.6681,3.5116,1.5027,2.9166,2.9166,591800.0,591800.0,1.9375,7.235727272727274,2.8011218181818185
1998-11-01,GEL,Genesis Energy L.P.,NYSE,1996-11-27,153768000,2.8746,3.5433,2.1469,2.9371,2.9371,313700.0,313700.0,-0.3125,0.24069999999999983,2.9070735
1998-12-01,GEL,Genesis Energy L.P.,NYSE,1996-11-27,124184000,3.1777,3.4817,1.612,2.3723,2.3723,633900.0,633900.0,-2.25,-2.214772727272727,2.523470454545455
1999-01-01,GEL,Genesis Energy L.P.,NYSE,1996-11-27,125818000,2.0169,2.921,2.0161,2.4812,2.4812,317900.0,317900.0,0.25,1.385052631578947,2.574162631578947
1999-02-01,GEL,Genesis Energy L.P.,NYSE,1996-11-27,118250000,2.5956,3.0214,2.0426,2.3328,2.3328,276800.0,276800.0,-1.4375,-2.569473684210527,2.4359694736842115
1999-03-01,GEL,Genesis Energy L.P.,NYSE,1996-11-27,129000000,2.4779,2.8975,1.9366,2.5449,2.5449,284300.0,284300.0,0.9375,2.3139999999999996,2.4478873913043477
1999-04-01,GEL,Genesis Energy L.P.,NYSE,1996-11-27,123668000,2.6699,2.8987,2.0225,2.5237,2.5237,335300.0,335300.0,-0.375,-0.028619047619047426,2.4869299999999996
1999-05-01,GEL,Genesis Energy L.P.,NYSE,1996-11-27,121518000,2.5237,2.8142,2.2221,2.4798,2.4798,323600.0,323600.0,-0.6875,-1.0239,2.5118579999999993
1999-06-01,GEL,Genesis Energy L.P.,NYSE,1996-11-27,127968000,2.4578,2.8109,2.2002,2.6114,2.6114,316700.0,316700.0,0.1875,0.589590909090909,2.477776818181818
1999-07-01,GEL,Genesis Energy L.P.,NYSE,1996-11-27,124700000,2.4459,3.0303,1.6334,2.6326,2.6326,268200.0,268200.0,0.375,0.9004285714285716,2.651550476190476
1999-08-01,GEL,Genesis Energy L.P.,NYSE,1996-11-27,116616000,2.7236,3.0986,1.8657,2.4624,2.4624,396900.0,396900.0,-1.1875,-1.110909090909091,2.572473181818182
1999-09-01,GEL,Genesis Energy L.P.,NYSE,1996-11-27,105866000,2.309,2.7353,1.9512,2.2355,2.2355,326700.0,326700.0,-1.625,-2.736476190476191,2.3455561904761906
1999-10-01,GEL,Genesis Energy L.P.,NYSE,1996-11-27,92450000,2.2355,2.7823,1.8434,2.0323,2.0323,321900.0,321900.0,-1.1875,-1.4497142857142857,2.2491542857142854
1999-11-01,GEL,Genesis Energy L.P.,NYSE,1996-11-27,68800000,2.7418,2.7418,0.6237,1.5124,1.5124,1119900.0,1119900.0,-2.1875,3.2976666666666676,1.6807647619047619
1999-12-01,GEL,Genesis Energy L.P.,NYSE,1996-11-27,69316000,1.2708,2.1679,-0.0451,1.5242,1.5242,1303700.0,1303700.0,-0.125,-169.33340909090907,1.5105927272727273
2000-01-01,GEL,Genesis Energy L.P.,NYSE,1996-11-27,82818000,1.5596,2.2512,1.1389,1.9135,1.9135,634800.0,634800.0,1.75,7.174199999999999,1.7551960000000002
2000-02-01,GEL,Genesis Energy L.P.,NYSE,1996-11-27,69918000,2.3017,2.3642,1.2651,1.6153,1.6153,441600.0,441600.0,-1.125,-2.0779500000000004,1.6571145
2000-03-01,GEL,Genesis Energy L.P.,NYSE,1996-11-27,79550000,1.6906,2.2764,1.1394,1.8389,1.8389,418800.0,418800.0,1.25,4.979652173913044,1.705522173913043
2000-04-01,GEL,Genesis Energy L.P.,NYSE,1996-11-27,81700000,1.3886,2.2772,1.3886,1.9907,1.9907,581300.0,581300.0,1.3125,5.526315789473683,1.824432105263158
2000-05-01,GEL,Genesis Energy L.P.,NYSE,1996-11-27,44118000,1.9907,3.1907,0.7341,1.074,1.074,1197900.0,1197900.0,-3.125,-5.694454545454545,1.4388254545454549
2000-06-01,GEL,Genesis Energy L.P.,NYSE,1996-11-27,59168000,0.8763,1.9115,0.843,1.4407,1.4407,581800.0,581800.0,1.125,6.435636363636365,1.379210909090909
2000-07-01,GEL,Genesis Energy L.P.,NYSE,1996-11-27,55900000,1.3419,2.0585,1.121,1.4603,1.4603,712000.0,712000.0,-0.375,0.1725500000000002,1.5250875000000002
2000-08-01,GEL,Genesis Energy L.P.,NYSE,1996-11-27,57018000,1.0445,1.7931,0.9195,1.4883,1.4883,541200.0,541200.0,0.125,1.70895652173913,1.4160021739130435
2000-09-01,GEL,Genesis Energy L.P.,NYSE,1996-11-27,58566000,1.5024,1.7868,1.2587,1.5305,1.5305,420000.0,420000.0,-0.5,-0.9201999999999998,1.4917630000000002
2000-10-01,GEL,Genesis Energy L.P.,NYSE,1996-11-27,39216000,1.8353,1.8392,0.2142,1.1095,1.1095,933200.0,933200.0,-1.5,-3.3034999999999997,1.4477577272727273
2000-11-01,GEL,Genesis Energy L.P.,NYSE,1996-11-27,37668000,1.2835,1.422,0.6568,1.0639,1.0639,1045000.0,1045000.0,-0.625,-0.7437619047619051,1.0690476190476192
2000-12-01,GEL,Genesis Energy L.P.,NYSE,1996-11-27,31218000,1.0808,1.5077,0.5618,0.9368,0.9368,1234900.0,1234900.0,0.0,2.3492999999999986,1.042427
2001-01-01,GEL,Genesis Energy L.P.,NYSE,1996-11-27,43860000,0.7352,1.4473,0.6727,1.3714,1.3714,602500.0,602500.0,1.4975,8.331285714285716,1.2066057142857143
2001-02-01,GEL,Genesis Energy L.P.,NYSE,1996-11-27,46010000,1.458,1.7424,1.2483,1.4387,1.4387,450400.0,450400.0,0.25,1.3021578947368422,1.4387705263157895
2001-03-01,GEL,Genesis Energy L.P.,NYSE,1996-11-27,51600000,1.4179,2.0887,1.1571,1.6135,1.6135,354700.0,354700.0,0.6699999999999999,3.482454545454545,1.5187199999999998
2001-04-01,GEL,Genesis Energy L.P.,NYSE,1996-11-27,49020000,1.5866,1.8361,1.3597,1.5861,1.5861,313400.0,313400.0,0.23000000000000004,0.8559999999999999,1.5419804999999998
2001-05-01,GEL,Genesis Energy L.P.,NYSE,1996-11-27,39990000,1.4072,1.7804,0.8913,1.2939,1.2939,426400.0,426400.0,-1.0399999999999998,-2.6933636363636357,1.485040909090909
2001-06-01,GEL,Genesis Energy L.P.,NYSE,1996-11-27,36980000,1.1335,1.5561,1.0155,1.1965,1.1965,365200.0,365200.0,-0.26,-0.20352380952380966,1.239400476190476
2001-07-01,GEL,Genesis Energy L.P.,NYSE,1996-11-27,44204000,1.2244,1.6154,0.98,1.4854,1.4854,558800.0,558800.0,0.8800000000000002,3.3666666666666667,1.3603019047619047
2001-08-01,GEL,Genesis Energy L.P.,NYSE,1996-11-27,51514000,1.4854,2.3055,0.8639,1.731,1.731,735500.0,735500.0,0.8599999999999999,4.303130434782609,1.6218834782608695
2001-09-01,GEL,Genesis Energy L.P.,NYSE,1996-11-27,50052000,1.6695,1.9472,1.1672,1.6819,1.6819,338300.0,338300.0,0.39000000000000007,2.9030666666666667,1.6404106666666667
2001-10-01,GEL,Genesis Energy L.P.,NYSE,1996-11-27,37840000,1.5695,3.1093,1.0093,1.3093,1.3093,738900.0,738900.0,-1.2400000000000002,-0.19534782608695722,1.8537626086956522
2001-11-01,GEL,Genesis Energy L.P.,NYSE,1996-11-27,42140000,0.5015,2.5381,0.5015,1.4581,1.4581,1261300.0,1261300.0,2.1599999999999993,14.833904761904762,1.447017619047619
2001-12-01,GEL,Genesis Energy L.P.,NYSE,1996-11-27,33540000,2.2448,2.2448,0.4076,1.1605,1.1605,1580800.0,1580800.0,-1.5699999999999998,3.3449499999999985,1.0284954999999998
2002-01-01,GEL,Genesis Energy L.P.,NYSE,1996-11-27,28466000,1.1961,1.3902,0.7461,0.985,0.985,483000.0,483000.0,-0.11999999999999998,0.34347619047619055,1.0435795238095236
2002-02-01,GEL,Genesis Energy L.P.,NYSE,1996-11-27,26230000,0.9118,1.2716,0.7022,0.9076,0.9076,504500.0,504500.0,-0.31,0.04568421052631531,0.9513636842105263
2002-03-01,GEL,Genesis Energy L.P.,NYSE,1996-11-27,24940000,0.8225,1.4584,0.273,0.863,0.863,504400.0,504400.0,-0.15000000000000002,0.7128500000000002,1.0131075
2002-04-01,GEL,Genesis Energy L.P.,NYSE,1996-11-27,16340000,0.873,0.9683,0.4654,0.5654,0.5654,416300.0,416300.0,-0.8800000000000001,-4.28590909090909,0.713115909090909
2002-05-01,GEL,Genesis Energy L.P.,NYSE,1996-11-27,34830000,0.5505,1.3422,-0.1155,1.2052,1.2052,785400.0,785400.0,2.4500000000000006,-37.23536363636364,1.0072050000000001
2002-06-01,GEL,Genesis Energy L.P.,NYSE,1996-11-27,32766000,1.1201,1.4105,0.9448,1.1338,1.1338,326400.0,326400.0,0.54,2.8034999999999997,1.126968
2002-07-01,GEL,Genesis Energy L.P.,NYSE,1996-11-27,26230000,1.1361,1.2415,0.3142,0.9076,0.9076,296300.0,296300.0,-0.33000000000000007,6.866136363636364,0.9240822727272728
2002-08-01,GEL,Genesis Energy L.P.,NYSE,1996-11-27,44720000,0.8427,1.723,0.5515,1.5474,1.5474,457600.0,457600.0,2.9399999999999995,16.009318181818184,1.2154963636363638
2002-09-01,GEL,Genesis Energy L.P.,NYSE,1996-11-27,39560000,1.5367,1.8867,1.0347,1.3688,1.3688,293400.0,293400.0,-0.2599999999999998,0.5612500000000001,1.3975545
2002-10-01,GEL,Genesis Energy L.P.,NYSE,1996-11-27,40420000,1.3188,1.5932,0.9593,1.3986,1.3986,197500.0,197500.0,0.11999999999999997,0.9841739130434781,1.3214469565217393
2002-11-01,GEL,Genesis Energy L.P.,NYSE,1996-11-27,38700000,1.3181,1.5986,1.1388,1.3391,1.3391,225800.0,225800.0,0.19000000000000003,1.4115999999999995,1.3757109999999997
2002-12-01,GEL,Genesis Energy L.P.,NYSE,1996-11-27,41280000,1.3953,1.616,0.946,1.496,1.496,280200.0,280200.0,0.62,3.3933809523809524,1.323957142857143
2003-01-01,GEL,Genesis Energy L.P.,NYSE,1996-11-27,41710000,1.0932,1.8172,1.0932,1.5116,1.5116,167700.0,167700.0,0.7800000000000002,3.611666666666667,1.5109390476190476
2003-02-01,GEL,Genesis Energy L.P.,NYSE,1996-11-27,48074000,1.646,1.8331,1.2507,1.7423,1.7423,212700.0,212700.0,0.75,3.000631578947368,1.6140384210526313
2003-03-01,GEL,Genesis Energy L.P.,NYSE,1996-11-27,40420000,1.6873,2.3214,1.1915,1.4649,1.4649,403500.0,403500.0,-0.6699999999999997,-0.4023333333333335,1.4913704761904758
2003-04-01,GEL,Genesis Energy L.P.,NYSE,1996-11-27,41280000,1.4649,1.6616,1.316,1.5115,1.5115,363100.0,363100.0,0.2,0.8570952380952382,1.5129585714285714
2003-05-01,GEL,Genesis Energy L.P.,NYSE,1996-11-27,54352000,1.5273,2.2602,1.0857,1.9902,1.9902,707300.0,707300.0,1.53,5.580190476190476,1.705712857142857
2003-06-01,GEL,Genesis Energy L.P.,NYSE,1996-11-27,52460000,1.9818,2.1267,1.7681,1.9209,1.9209,233100.0,233100.0,0.11000000000000004,0.38595,1.9404519999999998
2003-07-01,GEL,Genesis Energy L.P.,NYSE,1996-11-27,53750000,1.9583,2.1198,1.7039,1.9843,1.9843,146700.0,146700.0,0.45999999999999996,1.1778181818181819,1.9417554545454543
2003-08-01,GEL,Genesis Energy L.P.,NYSE,1996-11-27,50310000,1.9979,2.0755,1.1755,1.8573,1.8573,312300.0,312300.0,-0.31000000000000005,-0.6072857142857142,1.852382380952381
2003-09-01,GEL,Genesis Energy L.P.,NYSE,1996-11-27,60200000,1.8732,2.7814,0.97,2.2224,2.2224,525300.0,525300.0,1.0599999999999998,6.054380952380952,2.0496285714285714
2003-10-01,GEL,Genesis Energy L.P.,NYSE,1996-11-27,76884000,2.2224,3.2709,1.6237,2.8545,2.8545,570700.0,570700.0,1.71,5.184434782608696,2.517905652173913
2003-11-01,GEL,Genesis Energy L.P.,NYSE,1996-11-27,82440000,3.2682,3.2682,2.2473,2.9248,2.9248,262400.0,262400.0,0.12999999999999995,0.7896315789473686,2.8042900000000004
2003-12-01,GEL,Genesis Energy L.P.,NYSE,1996-11-27,88200000,2.8737,3.3472,2.4972,3.1291,3.1291,561500.0,561500.0,1.4000000000000001,2.392045454545455,2.9276545454545455
2004-01-01,GEL,Genesis Energy L.P.,NYSE,1996-11-27,97110000,3.1406,3.7502,2.5414,3.493,3.493,361300.0,361300.0,0.9199999999999999,1.8983,3.403698
2004-02-01,GEL,Genesis Energy L.P.,NYSE,1996-11-27,97464000,3.461,3.7827,2.7859,3.3927,3.3927,667900.0,667900.0,-0.33999999999999997,-0.13300000000000006,3.3622684210526317
2004-03-01,GEL,Genesis Energy L.P.,NYSE,1996-11-27,115785000,3.1289,4.2034,2.9989,4.0304,4.0304,236200.0,236200.0,2.1801999999999997,2.912434782608696,3.800944347826088
2004-04-01,GEL,Genesis Energy L.P.,NYSE,1996-11-27,94488000,3.6209,4.4716,3.0768,3.3372,3.3372,175700.0,175700.0,-2.2899999999999996,-2.4841904761904763,3.759176666666667
2004-05-01,GEL,Genesis Energy L.P.,NYSE,1996-11-27,93930000,3.5011,3.5786,2.6286,3.3175,3.3175,118800.0,118800.0,-0.2900000000000002,-0.00829999999999984,3.203646
2004-06-01,GEL,Genesis Energy L.P.,NYSE,1996-11-27,104625000,3.4458,4.236,2.9825,3.6953,3.6953,199100.0,199100.0,1.11,1.7244761904761905,3.4809757142857145
2004-07-01,GEL,Genesis Energy L.P.,NYSE,1996-11-27,115785000,3.6617,4.3073,2.9649,4.1413,4.1413,307400.0,307400.0,0.98,1.327142857142857,3.919246666666666
2004-08-01,GEL,Genesis Energy L.P.,NYSE,1996-11-27,104532000,4.2246,4.4249,3.4422,3.7388,3.7388,156100.0,156100.0,-1.6599999999999995,-1.787476190476191,3.7489461904761905
2004-09-01,GEL,Genesis Energy L.P.,NYSE,1996-11-27,104625000,3.7188,4.0455,3.5388,3.7421,3.7421,193500.0,193500.0,-0.21000000000000002,-0.24280952380952386,3.7205619047619045
2004-10-01,GEL,Genesis Energy L.P.,NYSE,1996-11-27,111693000,3.7587,4.6415,3.5083,3.9949,3.9949,269700.0,269700.0,0.6499999999999999,0.9788571428571431,3.9722704761904772
2004-11-01,GEL,Genesis Energy L.P.,NYSE,1996-11-27,113646000,3.7094,4.5672,3.7094,4.1162,4.1162,155700.0,155700.0,-0.27,-0.1376499999999999,4.053058500000001
2004-12-01,GEL,Genesis Energy L.P.,NYSE,1996-11-27,117180000,4.1763,4.4627,4.0196,4.2442,4.2442,155300.0,155300.0,0.25999999999999995,0.34504545454545466,4.188469545454546
2005-01-01,GEL,Genesis Energy L.P.,NYSE,1996-11-27,106206000,4.5691,4.5691,3.7487,3.8955,3.8955,125200.0,125200.0,-1.1100000000000003,-1.15775,4.041181
2005-02-01,GEL,Genesis Energy L.P.,NYSE,1996-11-27,106020000,3.4939,4.6545,3.431,3.8886,3.8886,227000.0,227000.0,0.6300000000000001,1.2012631578947368,3.8727726315789472
2005-03-01,GEL,Genesis Energy L.P.,NYSE,1996-11-27,82770000,3.7228,4.6193,2.6359,3.0359,3.0359,578300.0,578300.0,-0.6600000000000001,-0.5147727272727276,3.5146409090909088
2005-04-01,GEL,Genesis Energy L.P.,NYSE,1996-11-27,86955000,3.0281,3.6088,2.4584,3.2395,3.2395,222300.0,222300.0,1.78,3.165095238095238,3.068966666666667
2005-05-01,GEL,Genesis Energy L.P.,NYSE,1996-11-27,87420000,3.3682,3.4568,2.6851,3.2568,3.2568,333900.0,333900.0,0.7,1.3890952380952382,3.164304761904762
2005-06-01,GEL,Genesis Energy L.P.,NYSE,1996-11-27,87327000,3.1895,3.5661,2.7681,3.2533,3.2533,218100.0,218100.0,0.9400000000000001,1.6906363636363642,3.2059272727272727
2005-07-01,GEL,Genesis Energy L.P.,NYSE,1996-11-27,104718000,3.2045,4.4028,2.9559,3.9531,3.9531,256700.0,256700.0,1.3499999999999999,2.3984999999999994,3.7188480000000004
2005-08-01,GEL,Genesis Energy L.P.,NYSE,1996-11-27,98952000,4.0088,4.3629,3.5955,3.7355,3.7355,267200.0,267200.0,-0.10999999999999999,0.03234782608695647,3.954818695652174
2005-09-01,GEL,Genesis Energy L.P.,NYSE,1996-11-27,107880000,3.7192,4.2525,2.8411,4.0725,4.0725,292700.0,292700.0,0.5099999999999996,1.3894761904761908,3.685174285714285
2005-10-01,GEL,Genesis Energy L.P.,NYSE,1996-11-27,93930000,4.5523,4.6023,2.9845,3.5459,3.5459,181800.0,181800.0,-1.6999999999999997,-1.8849047619047625,3.653047619047619
2005-11-01,GEL,Genesis Energy L.P.,NYSE,1996-11-27,115260000,3.3421,4.3657,3.3421,4.03,4.03,322000.0,322000.0,1.4899999999999998,2.1310476190476195,3.9120057142857134
2005-12-01,GEL,Genesis Energy L.P.,NYSE,1996-11-27,118830000,3.9979,4.3049,3.3587,4.1549,4.1549,1236900.0,1236900.0,0.49,0.7980952380952382,3.9351319047619056
2006-01-01,GEL,Genesis Energy L.P.,NYSE,1996-11-27,125460000,3.949,4.8723,3.4423,4.3867,4.3867,901600.0,901600.0,1.3499999999999999,2.0316999999999994,4.231857500000001
2006-02-01,GEL,Genesis Energy L.P.,NYSE,1996-11-27,160080000,4.4903,4.7803,3.9022,4.195,4.195,421000.0,421000.0,-0.72,-0.6887894736842106,4.292627894736842
2006-03-01,GEL,Genesis Energy L.P.,NYSE,1996-11-27,172224000,4.1469,4.6301,3.8028,4.5132,4.5132,734400.0,734400.0,1.3899000000000004,1.5922608695652174,4.28125
2006-04-01,GEL,Genesis Energy L.P.,NYSE,1996-11-27,169050000,4.7758,4.7758,2.6407,4.4963,4.4963,878900.0,878900.0,1.9100000000000004,3.4573157894736832,4.316804736842106
2006-05-01,GEL,Genesis Energy L.P.,NYSE,1996-11-27,165738000,4.4647,4.7723,4.2052,4.4082,4.4082,559300.0,559300.0,-0.1099999999999999,-0.01113636363636344,4.428954090909091
2006-06-01,GEL,Genesis Energy L.P.,NYSE,1996-11-27,192924000,4.3543,5.5951,4.1767,5.1313,5.1313,1140500.0,1140500.0,1.4699999999999998,1.6778636363636361,4.723955909090908
2006-07-01,GEL,Genesis Energy L.P.,NYSE,1996-11-27,187680000,5.5412,5.5412,2.7233,5.0605,5.0605,424100.0,424100.0,0.4600000000000001,0.7131500000000002,4.964249499999999
2006-08-01,GEL,Genesis Energy L.P.,NYSE,1996-11-27,237774000,5.0291,8.267,4.8751,6.4112,6.4112,1364700.0,1364700.0,1.5799999999999998,1.516782608695652,5.805121739130436
2006-09-01,GEL,Genesis Energy L.P.,NYSE,1996-11-27,215694000,6.437,6.9756,4.9386,5.8158,5.8158,804300.0,804300.0,-0.8800000000000003,-0.44630000000000025,5.9471110000000005
2006-10-01,GEL,Genesis Energy L.P.,NYSE,1996-11-27,235980000,5.7414,6.744,4.8731,6.438,6.438,652100.0,652100.0,2.4699999999999998,2.2132272727272726,6.010148181818181
2006-11-01,GEL,Genesis Energy L.P.,NYSE,1996-11-27,271032000,6.555,7.7297,5.9573,7.3943,7.3943,846100.0,846100.0,2.6500000000000004,2.1270000000000002,7.007269523809524
2006-12-01,GEL,Genesis Energy L.P.,NYSE,1996-11-27,268824000,7.3179,8.1673,6.8665,7.334,7.334,408900.0,408900.0,-0.6499999999999999,-0.36429999999999996,7.429685000000001
2007-01-01,GEL,Genesis Energy L.P.,NYSE,1996-11-27,273240000,7.1104,7.8572,6.82,7.4545,7.4545,648300.0,648300.0,-0.20000000000000007,-0.053349999999999995,7.344156500000001
2007-02-01,GEL,Genesis Energy L.P.,NYSE,1996-11-27,271170000,7.363,7.7554,6.8183,7.4773,7.4773,448700.0,448700.0,0.16999999999999998,0.16447368421052633,7.456657894736841
2007-03-01,GEL,Genesis Energy L.P.,NYSE,1996-11-27,294492000,7.5865,8.8462,6.7605,8.1204,8.1204,894800.0,894800.0,1.37,0.9999545454545454,7.7951890909090915
2007-04-01,GEL,Genesis Energy L.P.,NYSE,1996-11-27,419658000,8.0042,11.6018,6.7426,11.5718,11.5718,1476900.0,1476900.0,9.05,6.05885,8.4093275
2007-05-01,GEL,Genesis Energy L.P.,NYSE,1996-11-27,487140000,11.67,14.655,9.5384,13.5312,13.5312,1720200.0,1720200.0,3.5298999999999996,1.948818181818182,12.56461090909091
2007-06-01,GEL,Genesis Energy L.P.,NYSE,1996-11-27,481344000,14.2803,14.7302,10.6375,13.3702,13.3702,1259500.0,1259500.0,-0.8299999999999992,0.06138095238095221,12.928147619047618
2007-07-01,GEL,Genesis Energy L.P.,NYSE,1996-11-27,485760000,13.6532,15.21,11.7645,13.4928,13.4928,1415500.0,1415500.0,-0.18000000000000027,0.03376190476190474,13.695899523809523
2007-08-01,GEL,Genesis Energy L.P.,NYSE,1996-11-27,722750000,13.6703,14.3882,8.8738,11.3833,11.3833,1485300.0,1485300.0,-0.4000999999999999,0.38465217391304324,11.750840869565218
2007-09-01,GEL,Genesis Energy L.P.,NYSE,1996-11-27,682325000,10.5641,12.1241,9.7368,10.7466,10.7466,478200.0,478200.0,0.41000000000000014,0.2496315789473684,11.358884736842105
2007-10-01,GEL,Genesis Energy L.P.,NYSE,1996-11-27,624750000,10.4237,12.4485,8.4968,9.8398,9.8398,2020900.0,2020900.0,-1.37,-0.13717391304347823,9.906543913043475
2007-11-01,GEL,Genesis Energy L.P.,NYSE,1996-11-27,685980000,9.6415,10.7534,7.1995,8.6575,8.6575,1723000.0,1723000.0,1.19,0.8973333333333332,9.345970476190477
2007-12-01,GEL,Genesis Energy L.P.,NYSE,1996-11-27,726150000,8.2311,10.6933,7.1884,9.1644,9.1644,7057200.0,7057200.0,-0.4500000000000003,0.2623500000000001,9.3583585
2008-01-01,GEL,Genesis Energy L.P.,NYSE,1996-11-27,661878000,8.691,10.4143,1.3933,8.3533,8.3533,1509700.0,1509700.0,0.64,0.5368095238095238,8.749210476190475
2008-02-01,GEL,Genesis Energy L.P.,NYSE,1996-11-27,823450000,6.9942,9.369,6.5642,8.4967,8.4967,1779500.0,1779500.0,0.47000000000000003,0.5831999999999999,8.33183
2008-03-01,GEL,Genesis Energy L.P.,NYSE,1996-11-27,721572000,8.5395,9.089,5.9329,7.4455,7.4455,1106800.0,1106800.0,-1.5099000000000005,-0.4550999999999997,7.941701
2008-04-01,GEL,Genesis Energy L.P.,NYSE,1996-11-27,736892000,7.1566,8.4455,6.9756,7.6036,7.6036,992500.0,992500.0,0.5900000000000003,0.517681818181818,7.816189545454545
2008-05-01,GEL,Genesis Energy L.P.,NYSE,1996-11-27,816183000,7.6519,8.5847,5.7424,8.4632,8.4632,2153600.0,2153600.0,3.7200000000000006,2.8880952380952385,7.694004761904763
2008-06-01,GEL,Genesis Energy L.P.,NYSE,1996-11-27,714015000,8.7768,9.3493,7.0273,7.4038,7.4038,1057800.0,1057800.0,-6.199999999999999,-3.2855238095238106,8.03754142857143
2008-07-01,GEL,Genesis Energy L.P.,NYSE,1996-11-27,715176000,7.2441,9.5223,5.5116,7.4159,7.4159,2433700.0,2433700.0,-1.5600000000000003,-0.3446363636363637,6.903488181818181
2008-08-01,GEL,Genesis Energy L.P.,NYSE,1996-11-27,718900000,7.5561,8.3955,6.2926,7.4309,7.4309,1398400.0,1398400.0,-0.3899999999999999,0.015857142857142813,7.517459047619049
2008-09-01,GEL,Genesis Energy L.P.,NYSE,1996-11-27,564455000,9.2637,9.2637,3.4936,5.8345,5.8345,2767000.0,2767000.0,-6.4399,-2.8791428571428566,6.247770476190477
2008-10-01,GEL,Genesis Energy L.P.,NYSE,1996-11-27,513500000,5.8563,7.9114,2.0255,5.442,5.442,3900700.0,3900700.0,-1.3099999999999998,2.458913043478262,5.179785652173913
2008-11-01,GEL,Genesis Energy L.P.,NYSE,1996-11-27,400925000,5.4583,6.1036,2.1584,4.2489,4.2489,2568200.0,2568200.0,-5.469999999999999,-4.626684210526314,4.11959947368421
2008-12-01,GEL,Genesis Energy L.P.,NYSE,1996-11-27,343255000,4.7547,4.8647,2.4152,3.6378,3.6378,3626300.0,3626300.0,-1.0800000000000003,0.14300000000000004,3.646994545454545
2009-01-01,GEL,Genesis Energy L.P.,NYSE,1996-11-27,428180000,3.1257,5.418,3.1157,4.6733,4.6733,2699000.0,2699000.0,1.4800000000000004,2.6586499999999997,4.5171275
2009-02-01,GEL,Genesis Energy L.P.,NYSE,1996-11-27,399960000,4.5856,5.944,1.8755,4.3543,4.3543,3089800.0,3089800.0,-2.15,-1.1962631578947367,4.7376347368421055
2009-03-01,GEL,Genesis Energy L.P.,NYSE,1996-11-27,405108000,4.3345,5.0956,3.2384,4.4103,4.4103,2885800.0,2885800.0,-0.8700000000000003,-0.2687727272727271,4.179179090909091
2009-04-01,GEL,Genesis Energy L.P.,NYSE,1996-11-27,477972000,4.2884,6.0838,3.7592,5.3438,5.3438,2430600.0,2430600.0,1.6700000000000002,1.9802857142857142,4.964247619047619
2009-05-01,GEL,Genesis Energy L.P.,NYSE,1996-11-27,515196000,5.3969,6.5417,4.5962,5.76,5.76,2004800.0,2004800.0,-1.2399999999999998,-0.6884999999999998,5.518237000000001
2009-06-01,GEL,Genesis Energy L.P.,NYSE,1996-11-27,503712000,5.8759,6.3969,4.8404,5.6316,5.6316,2025100.0,2025100.0,-2.29,-1.4755,5.6599295454545455
2009-07-01,GEL,Genesis Energy L.P.,NYSE,1996-11-27,594792000,5.5347,7.0461,5.0673,6.8067,6.8067,2364200.0,2364200.0,1.96,1.6769090909090911,6.0631222727272736
2009-08-01,GEL,Genesis Energy L.P.,NYSE,1996-11-27,617364000,7.315,7.315,6.0428,7.0651,7.0651,2306200.0,2306200.0,0.30000000000000027,0.4245238095238096,6.762776190476191
2009-09-01,GEL,Genesis Energy L.P.,NYSE,1996-11-27,637164000,7.2563,7.9515,6.4741,7.2916,7.2916,1913200.0,1913200.0,-1.6800000000000002,-1.0015238095238093,7.322671904761904
2009-10-01,GEL,Genesis Energy L.P.,NYSE,1996-11-27,641520000,7.3129,8.4153,6.3891,7.4988,7.4988,2131000.0,2131000.0,-1.7999999999999996,-0.903,7.667928636363635
2009-11-01,GEL,Genesis Energy L.P.,NYSE,1996-11-27,683496000,7.7705,8.3795,6.5825,7.9895,7.9895,1660400.0,1660400.0,1.1601000000000001,0.8276000000000001,7.668435
2009-12-01,GEL,Genesis Energy L.P.,NYSE,1996-11-27,748440000,7.9148,10.1091,7.4829,8.7486,8.7486,2328900.0,2328900.0,0.3699999999999999,0.5012272727272727,8.46528090909091
2010-01-01,GEL,Genesis Energy L.P.,NYSE,1996-11-27,778932000,9.4925,10.0913,8.5413,9.1051,9.1051,2535300.0,2535300.0,-1.13,-0.4639473684210525,9.25081894736842
2010-02-01,GEL,Genesis Energy L.P.,NYSE,1996-11-27,782495000,9.0871,9.7636,8.0855,9.3369,9.3369,1856100.0,1856100.0,0.11000000000000004,0.14457894736842114,9.16468
2010-03-01,GEL,Genesis Energy L.P.,NYSE,1996-11-27,769855000,9.139,10.277,8.8091,9.1861,9.1861,6242900.0,6242900.0,1.16,0.5587391304347825,9.61904695652174
2010-04-01,GEL,Genesis Energy L.P.,NYSE,1996-11-27,775780000,9.1528,9.9806,8.9828,9.4312,9.4312,3390200.0,3390200.0,0.6699999999999999,0.3783333333333333,9.49292523809524
2010-05-01,GEL,Genesis Energy L.P.,NYSE,1996-11-27,700128000,9.38,9.7902,6.3216,8.49,8.49,4882600.0,4882600.0,-0.5597999999999997,0.09254999999999995,8.622881499999998
2010-06-01,GEL,Genesis Energy L.P.,NYSE,1996-11-27,758340000,8.1745,9.6959,7.1245,9.1959,9.1959,2977000.0,2977000.0,1.7400000000000007,0.9919090909090905,9.004879545454544
2010-07-01,GEL,Genesis Energy L.P.,NYSE,1996-11-27,815364000,8.928,10.2718,8.398,10.0694,10.0694,4177600.0,4177600.0,1.8199999999999998,0.9680952380952383,9.707879523809524
2010-08-01,GEL,Genesis Energy L.P.,NYSE,1996-11-27,837540000,10.1377,10.639,9.2655,10.3433,10.3433,3398500.0,3398500.0,2.36,1.1202727272727275,10.084926363636363
2010-09-01,GEL,Genesis Energy L.P.,NYSE,1996-11-27,931392000,10.33,11.596,10.15,11.5023,11.5023,3224500.0,3224500.0,1.73,0.8121904761904762,10.97529619047619
2010-10-01,GEL,Genesis Energy L.P.,NYSE,1996-11-27,1005444000,11.2552,13.5484,10.9652,12.6092,12.6092,2802100.0,2802100.0,1.3298999999999999,0.624904761904762,12.16042476190476
2010-11-01,GEL,Genesis Energy L.P.,NYSE,1996-11-27,1062705000,13.0307,13.0707,11.0714,12.1324,12.1324,8438800.0,8438800.0,0.8200000000000001,0.386,11.994913333333333
2010-12-01,GEL,Genesis Energy L.P.,NYSE,1996-11-27,1148400000,12.3434,13.8501,11.3952,13.1108,13.1108,4142300.0,4142300.0,1.03,0.4027272727272727,12.527511818181818
2011-01-01,GEL,Genesis Energy L.P.,NYSE,1996-11-27,1205820000,13.1926,14.137,12.7247,13.9693,13.9693,3071100.0,3071100.0,0.36999999999999994,0.16914999999999997,13.392940000000001
2011-02-01,GEL,Genesis Energy L.P.,NYSE,1996-11-27,1885028000,14.153,15.3551,12.9556,14.7051,14.7051,2863100.0,2863100.0,0.76,0.3449473684210526,14.018260526315789
2011-03-01,GEL,Genesis Energy L.P.,NYSE,1996-11-27,1828826000,15.004,15.3848,11.8697,14.2667,14.2667,2660500.0,2660500.0,-0.5299999999999997,-0.08182608695652159,13.877467826086958
2011-04-01,GEL,Genesis Energy L.P.,NYSE,1996-11-27,1803632000,14.4264,15.0905,13.333,14.2705,14.2705,1852100.0,1852100.0,-0.13990000000000002,-0.028000000000000004,14.203311500000002
2011-05-01,GEL,Genesis Energy L.P.,NYSE,1996-11-27,1686945000,14.3745,14.8845,12.6707,14.02,14.02,2255400.0,2255400.0,-0.11999999999999977,0.02842857142857149,13.695166190476192
2011-06-01,GEL,Genesis Energy L.P.,NYSE,1996-11-27,1676490000,14.0527,15.3347,13.0024,13.9331,13.9331,2708800.0,2708800.0,-0.08000000000000024,0.06377272727272744,14.112632727272729
2011-07-01,GEL,Genesis Energy L.P.,NYSE,1996-11-27,1591620000,13.8409,14.8802,12.5662,13.2278,13.2278,10443800.0,10443800.0,-0.4000000000000001,-0.1214999999999999,13.587964500000002
2011-08-01,GEL,Genesis Energy L.P.,NYSE,1996-11-27,1742400000,13.4162,13.5162,9.9175,12.8593,12.8593,8438400.0,8438400.0,-0.2599999999999999,0.24043478260869583,12.305234782608695
2011-09-01,GEL,Genesis Energy L.P.,NYSE,1996-11-27,1704384000,12.8833,13.7271,12.0181,12.5788,12.5788,4413100.0,4413100.0,0.34,0.18104761904761904,13.00699
2011-10-01,GEL,Genesis Energy L.P.,NYSE,1996-11-27,1857856000,12.8924,13.9214,10.7461,13.7114,13.7114,4671600.0,4671600.0,2.31,0.9172857142857141,12.95889
2011-11-01,GEL,Genesis Energy L.P.,NYSE,1996-11-27,2001103000,12.5763,14.3987,12.5763,13.7787,13.7787,3057400.0,3057400.0,-0.06,0.033523809523809636,13.735449047619047
2011-12-01,GEL,Genesis Energy L.P.,NYSE,1996-11-27,2150668000,13.6011,15.0986,13.192,14.8086,14.8086,3816900.0,3816900.0,1.67,0.6133809523809522,14.015471428571429
2012-01-01,GEL,Genesis Energy L.P.,NYSE,1996-11-27,2156037000,15.4888,15.9372,14.16,15.0744,15.0744,6232000.0,6232000.0,0.0199999999999999,0.0721,15.164728000000002
2012-02-01,GEL,Genesis Energy L.P.,NYSE,1996-11-27,2250248000,14.7989,17.5083,14.7989,16.576,16.576,3908700.0,3908700.0,3.05,1.0089,16.0774
2012-03-01,GEL,Genesis Energy L.P.,NYSE,1996-11-27,2237872000,16.3648,18.3168,15.9219,16.4848,16.4848,8667300.0,8667300.0,1.73,0.5459090909090908,16.90926
2012-04-01,GEL,Genesis Energy L.P.,NYSE,1996-11-27,2253888000,16.4648,16.9037,15.103,16.8454,16.8454,4586400.0,4586400.0,2.0300000000000002,0.6468,16.439096499999998
2012-05-01,GEL,Genesis Energy L.P.,NYSE,1996-11-27,2287215000,16.9629,17.1129,14.8847,15.6539,15.6539,3638800.0,3638800.0,-1.7800000000000002,-0.45681818181818185,16.116357727272728
2012-06-01,GEL,Genesis Energy L.P.,NYSE,1996-11-27,2311065000,15.5281,17.7397,14.2403,15.8171,15.8171,4334400.0,4334400.0,-0.29000000000000015,-0.04604761904761906,15.455886666666666
2012-07-01,GEL,Genesis Energy L.P.,NYSE,1996-11-27,2430315000,15.7196,17.2237,15.4513,16.8831,16.8831,3514500.0,3514500.0,2.2700000000000005,0.6988571428571431,16.535605238095243
2012-08-01,GEL,Genesis Energy L.P.,NYSE,1996-11-27,2582368000,17.0571,17.9671,16.223,17.8496,17.8496,3594400.0,3594400.0,1.1700000000000002,0.3009130434782608,17.277850869565217
2012-09-01,GEL,Genesis Energy L.P.,NYSE,1996-11-27,2687037000,17.9151,19.0603,17.3665,18.5731,18.5731,3132400.0,3132400.0,1.0999999999999999,0.34684210526315784,18.24229736842105
2012-10-01,GEL,Genesis Energy L.P.,NYSE,1996-11-27,2575177000,18.4367,19.7067,16.6967,18.0667,18.0667,8314100.0,8314100.0,-0.6300000000000003,-0.12142857142857141,18.41167142857143
2012-11-01,GEL,Genesis Energy L.P.,NYSE,1996-11-27,2977210000,18.1464,20.6478,17.3377,20.1071,20.1071,6352600.0,6352600.0,3.0601000000000003,0.8009999999999999,18.761371904761905
2012-12-01,GEL,Genesis Energy L.P.,NYSE,1996-11-27,2964760000,20.2997,20.3797,18.8144,20.023,20.023,4759500.0,4759500.0,0.4599999999999998,0.14244999999999997,19.535281000000005
2013-01-01,GEL,Genesis Energy L.P.,NYSE,1996-11-27,3344070000,20.2504,22.881,19.8504,22.861,22.861,5655300.0,5655300.0,3.1100000000000003,0.7032857142857143,21.374798571428574
2013-02-01,GEL,Genesis Energy L.P.,NYSE,1996-11-27,3731140000,22.8563,26.4522,22.4972,26.0725,26.0725,6227400.0,6227400.0,5.04,1.1354210526315789,24.62245315789474
2013-03-01,GEL,Genesis Energy L.P.,NYSE,1996-11-27,3915464000,25.726,28.4113,24.425,27.3605,27.3605,6651600.0,6651600.0,2.0399999999999996,0.41755,26.635858000000002
2013-04-01,GEL,Genesis Energy L.P.,NYSE,1996-11-27,3903284000,27.3589,29.2184,24.461,27.5631,27.5631,5259100.0,5259100.0,1.8,0.36590909090909096,26.47498772727273
2013-05-01,GEL,Genesis Energy L.P.,NYSE,1996-11-27,4112300000,27.8681,31.741,26.3956,28.7557,28.7557,5953300.0,5953300.0,2.3100000000000005,0.3912727272727272,29.37798136363637
2013-06-01,GEL,Genesis Energy L.P.,NYSE,1996-11-27,4250060000,28.8153,31.2451,25.0337,29.719,29.719,6238700.0,6238700.0,2.0999999999999996,0.43115000000000003,28.9576985
2013-07-01,GEL,Genesis Energy L.P.,NYSE,1996-11-27,4087700000,29.884,32.7876,27.3746,28.8749,28.8749,4242600.0,4242600.0,-5.73,-0.8287272727272726,30.12208954545455
2013-08-01,GEL,Genesis Energy L.P.,NYSE,1996-11-27,4083413000,27.8132,30.9132,25.769,28.1914,28.1914,3478000.0,3478000.0,-0.3702000000000001,0.0029545454545454523,28.27661363636363
2013-09-01,GEL,Genesis Energy L.P.,NYSE,1996-11-27,4200873000,29.0183,29.7739,26.5514,29.0024,29.0024,9227300.0,9227300.0,3.8400000000000007,0.7303,28.633438
2013-10-01,GEL,Genesis Energy L.P.,NYSE,1996-11-27,4275544000,28.704,30.4354,27.8383,29.8234,29.8234,2891300.0,2891300.0,0.9199999999999999,0.15843478260869562,29.214610869565213
2013-11-01,GEL,Genesis Energy L.P.,NYSE,1996-11-27,4601756000,28.6002,30.5218,27.7587,30.3618,30.3618,3457600.0,3457600.0,3.8600000000000003,0.67545,29.226443999999994
2013-12-01,GEL,Genesis Energy L.P.,NYSE,1996-11-27,4662959000,30.5744,31.8535,28.0787,30.7656,30.7656,4676900.0,4676900.0,2.5599999999999996,0.44014285714285717,29.976599523809526
2014-01-01,GEL,Genesis Energy L.P.,NYSE,1996-11-27,4881161000,30.8308,32.998,27.4897,32.528,32.528,3633500.0,3633500.0,3.8099999999999996,0.5950952380952381,31.100986190476185
2014-02-01,GEL,Genesis Energy L.P.,NYSE,1996-11-27,4878500000,32.7239,34.1427,29.0696,32.5103,32.5103,5291700.0,5291700.0,1.8501,0.36294736842105263,32.051766842105266
2014-03-01,GEL,Genesis Energy L.P.,NYSE,1996-11-27,4807540000,32.2885,33.7811,30.3046,32.0374,32.0374,4319500.0,4319500.0,-0.6800000000000012,-0.04661904761904762,32.161338095238094
2014-04-01,GEL,Genesis Energy L.P.,NYSE,1996-11-27,4915754000,31.6294,34.025,31.0956,33.0912,33.0912,3187600.0,3187600.0,1.8001,0.28809523809523807,32.49002571428572
2014-05-01,GEL,Genesis Energy L.P.,NYSE,1996-11-27,5055900000,32.4462,34.3547,31.3928,34.0347,34.0347,4371400.0,4371400.0,3.6000999999999994,0.5382857142857143,32.94802523809523
2014-06-01,GEL,Genesis Energy L.P.,NYSE,1996-11-27,4970748000,34.0226,34.7272,30.7064,33.4614,33.4614,6632000.0,6632000.0,1.6300000000000003,0.2724761904761904,33.21625523809524
2014-07-01,GEL,Genesis Energy L.P.,NYSE,1996-11-27,4655863000,33.3404,34.5069,31.1247,31.6647,31.6647,4516200.0,4516200.0,-1.8299999999999994,-0.22377272727272726,32.87348272727272
2014-08-01,GEL,Genesis Energy L.P.,NYSE,1996-11-27,4951730000,31.3809,33.9379,29.8531,33.6011,33.6011,4205000.0,4205000.0,2.67,0.4216666666666667,32.51657285714286
2014-09-01,GEL,Genesis Energy L.P.,NYSE,1996-11-27,4679696000,33.5767,34.0913,29.7152,31.7552,31.7552,9419100.0,9419100.0,1.87,0.3126666666666667,32.44380142857143
2014-10-01,GEL,Genesis Energy L.P.,NYSE,1996-11-27,4265422000,31.5808,32.6208,23.8738,29.2992,29.2992,9984600.0,9984600.0,-1.8998999999999993,-0.1253478260869564,29.422393043478262
2014-11-01,GEL,Genesis Energy L.P.,NYSE,1996-11-27,4134417000,28.9235,30.8355,26.6071,26.8871,26.8871,8056100.0,8056100.0,-2.98,-0.5178947368421053,29.251645263157894
2014-12-01,GEL,Genesis Energy L.P.,NYSE,1996-11-27,3983238000,27.5921,28.1921,20.464,25.904,25.904,15037200.0,15037200.0,0.1899000000000005,0.23990909090909102,25.26012681818182
2015-01-01,GEL,Genesis Energy L.P.,NYSE,1996-11-27,4068687000,25.0729,28.5484,22.8037,26.8193,26.8193,6516100.0,6516100.0,2.1199999999999997,0.48639999999999983,26.219502
2015-02-01,GEL,Genesis Energy L.P.,NYSE,1996-11-27,4370000000,26.6788,30.4575,25.6988,28.4719,28.4719,6122300.0,6122300.0,3.479999999999999,0.7344210526315789,27.977714736842103
2015-03-01,GEL,Genesis Energy L.P.,NYSE,1996-11-27,4465000000,28.6729,30.0909,25.613,29.0909,29.0909,6067100.0,6067100.0,3.0700000000000003,0.5534545454545454,27.814293181818183
2015-04-01,GEL,Genesis Energy L.P.,NYSE,1996-11-27,4722450000,29.4828,31.5381,27.0053,31.1511,31.1511,12831400.0,12831400.0,7.130000000000001,1.189142857142857,29.212624761904767
2015-05-01,GEL,Genesis Energy L.P.,NYSE,1996-11-27,4824096000,31.0903,31.8295,28.1022,30.4743,30.4743,4336100.0,4336100.0,-0.91,-0.12000000000000006,29.855298999999995
2015-06-01,GEL,Genesis Energy L.P.,NYSE,1996-11-27,4353888000,30.5041,31.7161,27.0539,27.5039,27.5039,6631900.0,6631900.0,-4.32,-0.6185454545454545,29.325684545454546
2015-07-01,GEL,Genesis Energy L.P.,NYSE,1996-11-27,4403488000,27.2404,30.4832,26.3862,28.2029,28.2029,21639400.0,21639400.0,3.4201000000000006,0.6251818181818182,28.13230363636363
2015-08-01,GEL,Genesis Energy L.P.,NYSE,1996-11-27,4697816000,28.2548,29.494,12.7408,27.7391,27.7391,9714100.0,9714100.0,6.1099000000000006,1.5634285714285718,26.73904333333333
2015-09-01,GEL,Genesis Energy L.P.,NYSE,1996-11-27,4125384000,27.603,29.7782,21.619,24.359,24.359,9385600.0,9385600.0,-3.27,-0.48890476190476195,26.726746190476188
2015-10-01,GEL,Genesis Energy L.P.,NYSE,1996-11-27,4337356000,24.2292,29.4644,23.0146,26.0379,26.0379,10664900.0,10664900.0,4.210099999999999,0.9475909090909088,26.147640909090907
2015-11-01,GEL,Genesis Energy L.P.,NYSE,1996-11-27,4332435000,25.2717,28.8073,24.4105,25.4177,25.4177,7960900.0,7960900.0,0.6700000000000002,0.19505,26.176958500000005
2015-12-01,GEL,Genesis Energy L.P.,NYSE,1996-11-27,4045074000,25.3082,26.1979,19.0742,23.7318,23.7318,16974700.0,16974700.0,1.1400000000000001,0.6081363636363637,22.47041909090909
2016-01-01,GEL,Genesis Energy L.P.,NYSE,1996-11-27,3129042000,23.6425,24.1825,14.1347,18.7745,18.7745,14816500.0,14816500.0,-3.3600000000000003,-0.3076842105263157,19.436665789473686
2016-02-01,GEL,Genesis Energy L.P.,NYSE,1996-11-27,2817100000,18.1822,19.1041,12.6162,16.9182,16.9182,17921000.0,17921000.0,-1.14,-0.09265000000000026,16.1646165
2016-03-01,GEL,Genesis Energy L.P.,NYSE,1996-11-27,3496900000,17.4282,22.6875,15.6627,21.0007,21.0007,17636200.0,17636200.0,6.27,1.7372727272727275,19.072703181818177
2016-04-01,GEL,Genesis Energy L.P.,NYSE,1996-11-27,3566200000,20.4939,24.2738,19.1368,21.857,21.857,10888800.0,10888800.0,1.4899999999999995,0.4225238095238094,21.12083571428571
2016-05-01,GEL,Genesis Energy L.P.,NYSE,1996-11-27,4143700000,22.0338,26.3598,19.9488,25.3965,25.3965,12859400.0,12859400.0,4.3500000000000005,0.9356190476190476,23.51747
2016-06-01,GEL,Genesis Energy L.P.,NYSE,1996-11-27,4220700000,24.5855,27.4932,23.4294,25.8684,25.8684,12375400.0,12375400.0,0.29000000000000037,0.11300000000000007,25.64246363636364
2016-07-01,GEL,Genesis Energy L.P.,NYSE,1996-11-27,4001800000,26.2604,27.8299,23.9207,24.9907,24.9907,19679500.0,19679500.0,0.3499999999999999,0.09559999999999999,26.104190999999997
2016-08-01,GEL,Genesis Energy L.P.,NYSE,1996-11-27,4140903000,24.7265,25.9618,23.1409,24.5854,24.5854,10442900.0,10442900.0,-1.56,-0.25865217391304346,24.772585652173913
2016-09-01,GEL,Genesis Energy L.P.,NYSE,1996-11-27,4393129000,24.3892,26.1429,22.4452,26.0829,26.0829,10691900.0,10691900.0,2.2500999999999998,0.4592380952380952,24.348679523809523
2016-10-01,GEL,Genesis Energy L.P.,NYSE,1996-11-27,4041401000,26.194,26.714,23.9991,24.456,24.456,6835400.0,6835400.0,-1.99,-0.3536190476190476,25.16362619047619
2016-11-01,GEL,Genesis Energy L.P.,NYSE,1996-11-27,4122920000,24.6869,25.2369,22.0007,24.463,24.463,10979300.0,10979300.0,0.9500000000000002,0.23071428571428565,23.65910285714286
2016-12-01,GEL,Genesis Energy L.P.,NYSE,1996-11-27,4250360000,25.0359,25.2192,22.8509,25.2192,25.2192,10478300.0,10478300.0,-0.35000000000000064,-0.041333333333333284,24.185495238095235
2017-01-01,GEL,Genesis Energy L.P.,NYSE,1996-11-27,4279860000,25.4273,26.6634,24.5572,25.8796,25.8796,6995800.0,6995800.0,-0.1100000000000001,-0.007600000000000051,25.343018000000004
2017-02-01,GEL,Genesis Energy L.P.,NYSE,1996-11-27,4006656000,26.1384,26.8586,23.5203,24.1457,24.1457,9898200.0,9898200.0,-0.7599999999999997,-0.14957894736842106,25.22505578947369
2017-03-01,GEL,Genesis Energy L.P.,NYSE,1996-11-27,3838528000,24.1811,24.7273,21.7306,23.1325,23.1325,15322600.0,15322600.0,-0.050200000000000244,0.010782608695652144,23.459094347826092
2017-04-01,GEL,Genesis Energy L.P.,NYSE,1996-11-27,3710656000,23.2352,23.989,22.3516,22.8642,22.8642,8083100.0,8083100.0,-1.08,-0.23142105263157897,23.130893684210527
2017-05-01,GEL,Genesis Energy L.P.,NYSE,1996-11-27,3823894000,22.9129,23.8007,21.1243,22.7548,22.7548,9277100.0,9277100.0,-0.93,-0.15600000000000003,22.912281818181814
2017-06-01,GEL,Genesis Energy L.P.,NYSE,1996-11-27,3890098000,22.9402,23.2388,20.4388,23.1488,23.1488,9532100.0,9532100.0,0.7599999999999993,0.18663636363636374,21.937357727272726
2017-07-01,GEL,Genesis Energy L.P.,NYSE,1996-11-27,3702520000,23.1695,23.998,21.8939,22.5677,22.5677,8450100.0,8450100.0,-2.2600000000000007,-0.4836499999999998,22.6971985
2017-08-01,GEL,Genesis Energy L.P.,NYSE,1996-11-27,3273420000,22.4729,23.3439,18.9793,19.9522,19.9522,14800500.0,14800500.0,-2.749799999999999,-0.5317391304347827,20.67373608695652
2017-09-01,GEL,Genesis Energy L.P.,NYSE,1996-11-27,3230510000,20.0501,20.8597,19.1297,19.6907,19.6907,9191800.0,9191800.0,-1.1999000000000002,-0.2865,19.996941
2017-10-01,GEL,Genesis Energy L.P.,NYSE,1996-11-27,2855354000,19.4836,19.8959,16.776,17.7743,17.7743,16627800.0,16627800.0,-1.3599999999999999,-0.3035454545454545,18.559839999999998
2017-11-01,GEL,Genesis Energy L.P.,NYSE,1996-11-27,2632222000,17.8435,18.4909,15.3453,16.3853,16.3853,15086400.0,15086400.0,-2.06,-0.5362380952380953,16.929784285714284
2017-12-01,GEL,Genesis Energy L.P.,NYSE,1996-11-27,2740110000,16.3377,18.3598,16.2061,17.0569,17.0569,18923100.0,18923100.0,1.28,0.43129999999999996,17.119051499999998
2018-01-01,GEL,Genesis Energy L.P.,NYSE,1996-11-27,2823478000,17.0333,19.9328,16.8132,17.9583,17.9583,14504200.0,14504200.0,0.2799999999999999,0.12599999999999986,18.552620952380952
2018-02-01,GEL,Genesis Energy L.P.,NYSE,1996-11-27,2447096000,17.9531,18.3431,14.9381,15.5644,15.5644,15224100.0,15224100.0,-3.31,-1.018842105263158,16.557416315789467
2018-03-01,GEL,Genesis Energy L.P.,NYSE,1996-11-27,2416446000,15.5397,16.8846,14.2116,15.3694,15.3694,15374600.0,15374600.0,-1.22,-0.3173333333333333,15.580604761904764
2018-04-01,GEL,Genesis Energy L.P.,NYSE,1996-11-27,2568470000,15.2901,17.5941,15.121,16.742,16.742,12065500.0,12065500.0,0.9501000000000003,0.3351428571428573,16.375123809523814
2018-05-01,GEL,Genesis Energy L.P.,NYSE,1996-11-27,2692296000,16.7983,18.1827,15.4461,17.5492,17.5492,10850400.0,10850400.0,0.9500000000000001,0.28459090909090906,17.158980909090914
2018-06-01,GEL,Genesis Energy L.P.,NYSE,1996-11-27,2686166000,17.5468,19.0917,17.1611,17.5092,17.5092,9583500.0,9583500.0,-0.5700999999999999,-0.1263809523809524,18.186680000000003
2018-07-01,GEL,Genesis Energy L.P.,NYSE,1996-11-27,2818574000,17.4274,18.8633,17.0875,18.8133,18.8133,13023200.0,13023200.0,1.2299999999999998,0.34719047619047627,18.12697
2018-08-01,GEL,Genesis Energy L.P.,NYSE,1996-11-27,2933315470,18.7524,20.4544,18.3378,19.5825,19.5825,18756100.0,18756100.0,1.58,0.37147826086956515,19.439466956521738
2018-09-01,GEL,Genesis Energy L.P.,NYSE,1996-11-27,2914928620,19.3398,20.9363,19.0852,19.4598,19.4598,12291400.0,12291400.0,-0.11000000000000051,-0.011894736842105314,19.842855789473685
2018-10-01,GEL,Genesis Energy L.P.,NYSE,1996-11-27,2710221690,19.4362,20.9035,17.7017,18.5447,18.5447,12264200.0,12264200.0,-0.9499999999999998,-0.2018260869565217,19.772265652173914
2018-11-01,GEL,Genesis Energy L.P.,NYSE,1996-11-27,2702866950,18.7379,20.5637,17.7163,18.4943,18.4943,10442000.0,10442000.0,-0.2500000000000001,-0.047476190476190464,19.011628571428574
2018-12-01,GEL,Genesis Energy L.P.,NYSE,1996-11-27,2264034130,18.6992,19.684,14.5716,15.4916,15.4916,20170100.0,20170100.0,-3.75,-1.0917894736842109,17.213238947368424
2019-01-01,GEL,Genesis Energy L.P.,NYSE,1996-11-27,2564352680,15.22,18.445,14.97,18.0063,18.0063,13958900.0,13958900.0,2.2500000000000013,0.676,17.489051904761904
2019-02-01,GEL,Genesis Energy L.P.,NYSE,1996-11-27,2641577450,17.9843,19.8507,17.0314,18.5486,18.5486,11764200.0,11764200.0,0.24999999999999983,0.09463157894736846,18.33058947368421
2019-03-01,GEL,Genesis Energy L.P.,NYSE,1996-11-27,2856090700,18.5928,20.7141,18.137,20.0548,20.0548,10841800.0,10841800.0,1.8600000000000003,0.4725238095238095,19.45088666666667
2019-04-01,GEL,Genesis Energy L.P.,NYSE,1996-11-27,2718802220,20.2837,20.6637,19.3078,19.5602,19.5602,7745400.0,7745400.0,-1.4499999999999997,-0.34095238095238106,19.85551428571429
2019-05-01,GEL,Genesis Energy L.P.,NYSE,1996-11-27,2674673780,19.5586,20.3411,18.1682,19.2427,19.2427,12076600.0,12076600.0,1.13,0.27263636363636357,19.30088318181818
2019-06-01,GEL,Genesis Energy L.P.,NYSE,1996-11-27,2684480100,19.3268,19.8278,18.8111,19.3133,19.3133,12133300.0,12133300.0,-1.0399999999999998,-0.26455,19.342107000000002
2019-07-01,GEL,Genesis Energy L.P.,NYSE,1996-11-27,2800930150,19.458,21.1835,18.9486,20.6313,20.6313,12205300.0,12205300.0,1.2300000000000002,0.2889999999999999,20.119724545454545
2019-08-01,GEL,Genesis Energy L.P.,NYSE,1996-11-27,2542288460,20.6256,20.7856,17.7171,18.7262,18.7262,10331100.0,10331100.0,-2.2399999999999998,-0.49504545454545473,18.692461363636365
2019-09-01,GEL,Genesis Energy L.P.,NYSE,1996-11-27,2631771130,18.4939,21.4031,18.3739,19.3853,19.3853,17618100.0,17618100.0,0.2599000000000004,0.09980000000000004,19.600472500000002
2019-10-01,GEL,Genesis Energy L.P.,NYSE,1996-11-27,2472418430,19.3997,20.3057,18.3956,18.7056,18.7056,11033500.0,11033500.0,-1.19,-0.25791304347826083,19.27806652173913
2019-11-01,GEL,Genesis Energy L.P.,NYSE,1996-11-27,2330226790,18.8249,19.0475,16.3729,17.6299,17.6299,12175500.0,12175500.0,-0.21999999999999992,-0.037649999999999996,17.660073500000003
2019-12-01,GEL,Genesis Energy L.P.,NYSE,1996-11-27,2510417920,17.6193,19.6093,16.7118,18.9931,18.9931,16069200.0,16069200.0,1.4299999999999997,0.39947619047619043,18.46534857142857
2020-01-01,GEL,Genesis Energy L.P.,NYSE,1996-11-27,2190486730,18.9645,20.6064,16.9803,17.0603,17.0603,15083900.0,15083900.0,-1.8599999999999994,-0.4618095238095239,19.171674761904764
2020-02-01,GEL,Genesis Energy L.P.,NYSE,1996-11-27,1217209470,17.093,18.2927,8.2197,9.4801,9.4801,36210300.0,36210300.0,-6.969999999999999,-2.592421052631579,15.28039947368421
2020-03-01,GEL,Genesis Energy L.P.,NYSE,1996-11-27,480509680,9.5329,10.6279,2.4404,3.7424,3.7424,61653100.0,61653100.0,-5.289999999999999,-3.857454545454546,5.332409545454545
2020-04-01,GEL,Genesis Energy L.P.,NYSE,1996-11-27,733022420,3.606,6.4542,3.136,5.8542,5.8542,45794800.0,45794800.0,0.62,0.7521904761904763,4.612706190476191
2020-05-01,GEL,Genesis Energy L.P.,NYSE,1996-11-27,983083580,5.5122,8.598,4.6602,7.8513,7.8513,31053600.0,31053600.0,0.6899999999999998,0.6668999999999998,6.493300500000001
2020-06-01,GEL,Genesis Energy L.P.,NYSE,1996-11-27,885020380,7.9109,11.8458,6.5246,7.0681,7.0681,29745500.0,29745500.0,-2.3499999999999996,-0.9277727272727272,8.584598636363635
2020-07-01,GEL,Genesis Energy L.P.,NYSE,1996-11-27,817601930,7.1021,7.3221,5.7929,6.67,6.67,21670348.0,21670348.0,-0.9933000000000001,-0.5310454545454547,6.547330909090909
2020-08-01,GEL,Genesis Energy L.P.,NYSE,1996-11-27,655797650,6.7,6.92,5.06,5.35,5.35,33020400.0,33020400.0,-1.5499999999999998,-1.1687619047619047,5.992539047619048
2020-09-01,GEL,Genesis Energy L.P.,NYSE,1996-11-27,596959730,5.27,5.61,4.66,4.87,4.87,13042113.0,13042113.0,-0.47,-0.8869999999999999,5.109859
