datetime,symbol,name,exchange,begin_date,marketCap,open,high,low,close,adjClose,volume,unadjustedVolume,change,changePercent,vwap
2006-06-01,MDXH.BR,MDxHealth SA,Brussels,2006-06-27,,8.45,8.45,7.5,7.6,7.6,287212.0,287212.0,-0.8699999999999999,-2.5734999999999997,7.6758325
2006-07-01,MDXH.BR,MDxHealth SA,Brussels,2006-06-27,,7.6,7.71,6.86,7.4,7.4,123269.0,123269.0,-0.39000000000000007,-0.2168095238095238,6.396349523809524
2006-08-01,MDXH.BR,MDxHealth SA,Brussels,2006-06-27,,7.45,7.6,7.08,7.5,7.5,50627.0,50627.0,-1.7,-0.99,5.160434782608696
2006-09-01,MDXH.BR,MDxHealth SA,Brussels,2006-06-27,,7.46,8.4,7.42,8.0,8.0,558812.0,558812.0,-0.39,-0.21161904761904757,7.710635714285717
2006-10-01,MDXH.BR,MDxHealth SA,Brussels,2006-06-27,,8.0,8.5,7.9,8.5,8.5,171356.0,171356.0,-0.39,-0.2093636363636363,8.278787272727273
2006-11-01,MDXH.BR,MDxHealth SA,Brussels,2006-06-27,,8.5,8.9,8.27,8.85,8.85,236432.0,236432.0,-0.3700000000000001,-0.19009090909090906,8.138939545454543
2006-12-01,MDXH.BR,MDxHealth SA,Brussels,2006-06-27,,8.9,12.3,8.75,11.51,11.51,623387.0,623387.0,-0.14999999999999988,0.03315789473684214,10.36912315789474
2007-01-01,MDXH.BR,MDxHealth SA,Brussels,2006-06-27,,11.66,13.35,11.0,11.7,11.7,461344.0,461344.0,-1.7300000000000002,-0.6240454545454545,11.596666363636366
2007-02-01,MDXH.BR,MDxHealth SA,Brussels,2006-06-27,,11.79,12.03,11.1,11.15,11.15,263518.0,263518.0,0.07999999999999992,0.041849999999999984,11.692332500000001
2007-03-01,MDXH.BR,MDxHealth SA,Brussels,2006-06-27,,11.25,12.03,10.1,11.7,11.7,387607.0,387607.0,0.16000000000000003,0.08604545454545448,11.542424090909087
2007-04-01,MDXH.BR,MDxHealth SA,Brussels,2006-06-27,,11.65,11.88,10.11,11.24,11.24,231620.0,231620.0,-1.07,-0.49600000000000005,11.21193
2007-05-01,MDXH.BR,MDxHealth SA,Brussels,2006-06-27,,11.53,11.88,10.59,11.41,11.41,253053.0,253053.0,0.31000000000000005,0.13686363636363638,11.397576363636363
2007-06-01,MDXH.BR,MDxHealth SA,Brussels,2006-06-27,,11.4,11.88,10.9,11.64,11.64,85751.0,85751.0,0.12000000000000004,0.051666666666666666,11.488729523809527
2007-07-01,MDXH.BR,MDxHealth SA,Brussels,2006-06-27,,11.5,11.75,10.57,11.0,11.0,105213.0,105213.0,0.65,0.2675909090909091,11.32712090909091
2007-08-01,MDXH.BR,MDxHealth SA,Brussels,2006-06-27,,11.0,11.2,9.5,10.45,10.45,86495.0,86495.0,1.0199999999999998,0.46308695652173915,10.166667391304347
2007-09-01,MDXH.BR,MDxHealth SA,Brussels,2006-06-27,,10.45,11.89,9.02,11.4,11.4,241830.0,241830.0,0.35000000000000003,0.22744999999999999,10.0204995
2007-10-01,MDXH.BR,MDxHealth SA,Brussels,2006-06-27,,11.4,11.58,9.7,9.83,9.83,373639.0,373639.0,-2.37,-0.9541739130434782,10.454203478260869
2007-11-01,MDXH.BR,MDxHealth SA,Brussels,2006-06-27,,9.88,10.0,8.55,9.5,9.5,219107.0,219107.0,-1.04,-0.4304090909090908,9.098787727272727
2007-12-01,MDXH.BR,MDxHealth SA,Brussels,2006-06-27,,9.5,9.94,9.32,9.8,9.8,124370.0,124370.0,1.37,0.7593157894736843,9.692456842105264
2008-01-01,MDXH.BR,MDxHealth SA,Brussels,2006-06-27,,9.78,9.89,8.12,9.3,9.3,126308.0,126308.0,0.6299999999999999,0.35718181818181816,9.291817727272727
2008-02-01,MDXH.BR,MDxHealth SA,Brussels,2006-06-27,,9.24,9.24,7.61,8.03,8.03,159254.0,159254.0,-0.39,-0.18900000000000006,8.434127142857141
2008-03-01,MDXH.BR,MDxHealth SA,Brussels,2006-06-27,,8.0,9.39,7.4,8.67,8.67,149654.0,149654.0,0.0200000000000001,0.06326315789473676,8.029823684210527
2008-04-01,MDXH.BR,MDxHealth SA,Brussels,2006-06-27,,8.67,8.88,7.9,8.8,8.8,44850.0,44850.0,0.63,0.3573181818181818,8.004999545454545
2008-05-01,MDXH.BR,MDxHealth SA,Brussels,2006-06-27,,8.8,9.75,8.51,9.45,9.45,70268.0,70268.0,-0.97,-0.495,8.297143333333334
2008-06-01,MDXH.BR,MDxHealth SA,Brussels,2006-06-27,,9.31,9.4,7.2,7.9,7.9,76833.0,76833.0,-1.27,-0.676904761904762,8.251587619047617
2008-07-01,MDXH.BR,MDxHealth SA,Brussels,2006-06-27,,7.6,8.26,6.99,8.01,8.01,113454.0,113454.0,0.27999999999999986,0.1997391304347826,7.264202608695652
2008-08-01,MDXH.BR,MDxHealth SA,Brussels,2006-06-27,,7.77,9.2,7.77,8.81,8.81,44361.0,44361.0,0.6799999999999998,0.45000000000000007,8.113176190476192
2008-09-01,MDXH.BR,MDxHealth SA,Brussels,2006-06-27,,8.21,8.43,7.2,7.5,7.5,292194.0,292194.0,-0.5,-0.21118181818181822,7.109696818181818
2008-10-01,MDXH.BR,MDxHealth SA,Brussels,2006-06-27,,7.5,7.6,5.03,6.72,6.72,91919.0,91919.0,0.42,0.3968260869565217,6.507391304347827
2008-11-01,MDXH.BR,MDxHealth SA,Brussels,2006-06-27,,6.35,7.2,5.65,6.45,6.45,25781.0,25781.0,-0.3400000000000001,-0.13064999999999993,6.1740005
2008-12-01,MDXH.BR,MDxHealth SA,Brussels,2006-06-27,,6.4,6.6,6.05,6.6,6.6,156447.0,156447.0,-0.14999999999999997,-0.10585714285714284,4.516824761904762
2009-01-01,MDXH.BR,MDxHealth SA,Brussels,2006-06-27,,6.4,7.98,6.11,7.0,7.0,48028.0,48028.0,2.4499999999999993,1.8403809523809525,6.985238571428572
2009-02-01,MDXH.BR,MDxHealth SA,Brussels,2006-06-27,,7.05,7.1,5.95,5.95,5.95,38467.0,38467.0,0.019999999999999962,0.008049999999999936,5.2654995
2009-03-01,MDXH.BR,MDxHealth SA,Brussels,2006-06-27,,5.7,5.8,4.38,5.3,5.3,120682.0,120682.0,-1.11,-0.8918181818181821,5.329697272727273
2009-04-01,MDXH.BR,MDxHealth SA,Brussels,2006-06-27,,5.5,6.99,5.24,6.7,6.7,93426.0,93426.0,0.16000000000000003,0.20869999999999994,5.784333999999999
2009-05-01,MDXH.BR,MDxHealth SA,Brussels,2006-06-27,,6.65,6.74,6.35,6.55,6.55,61192.0,61192.0,0.5199999999999998,0.41149999999999987,6.565833
2009-06-01,MDXH.BR,MDxHealth SA,Brussels,2006-06-27,,6.59,6.7,6.25,6.25,6.25,40253.0,40253.0,-0.23,-0.1575909090909091,6.200455909090909
2009-07-01,MDXH.BR,MDxHealth SA,Brussels,2006-06-27,,6.3,6.4,5.55,6.2,6.2,36210.0,36210.0,-0.8999999999999998,-0.6014347826086955,5.79449347826087
2009-08-01,MDXH.BR,MDxHealth SA,Brussels,2006-06-27,,6.24,6.27,5.65,6.14,6.14,82467.0,82467.0,0.3299999999999999,0.27890476190476193,6.027618571428572
2009-09-01,MDXH.BR,MDxHealth SA,Brussels,2006-06-27,,6.1,7.44,5.71,6.14,6.14,544601.0,544601.0,-1.23,-0.8634999999999998,6.094242727272728
2009-10-01,MDXH.BR,MDxHealth SA,Brussels,2006-06-27,,6.07,6.25,5.61,5.7,5.7,526881.0,526881.0,-0.77,-0.5841818181818182,5.63075818181818
2009-11-01,MDXH.BR,MDxHealth SA,Brussels,2006-06-27,,5.8,5.8,4.04,4.06,4.06,514300.0,514300.0,-0.8300000000000001,-0.7974761904761907,4.762063333333335
2009-12-01,MDXH.BR,MDxHealth SA,Brussels,2006-06-27,,4.12,4.48,3.1,4.19,4.19,399225.0,399225.0,0.08000000000000024,0.16840909090909106,3.8528786363636374
2010-01-01,MDXH.BR,MDxHealth SA,Brussels,2006-06-27,,4.39,4.39,3.75,4.0,4.0,195232.0,195232.0,-0.56,-0.68255,4.1078335
2010-02-01,MDXH.BR,MDxHealth SA,Brussels,2006-06-27,,4.05,4.09,3.2,3.47,3.47,102855.0,102855.0,-0.38000000000000006,-0.4378500000000002,3.6673335000000002
2010-03-01,MDXH.BR,MDxHealth SA,Brussels,2006-06-27,,3.47,3.69,2.55,2.64,2.64,512938.0,512938.0,-0.8600000000000001,-1.2055652173913045,3.277101304347826
2010-04-01,MDXH.BR,MDxHealth SA,Brussels,2006-06-27,,2.67,2.67,1.9,2.0,2.0,578949.0,578949.0,-1.1300000000000001,-2.3068999999999997,2.4028334999999994
2010-05-01,MDXH.BR,MDxHealth SA,Brussels,2006-06-27,,2.08,3.18,2.0,2.15,2.15,1893965.0,1893965.0,-0.18999999999999995,-0.055476190476190394,2.257618095238095
2010-06-01,MDXH.BR,MDxHealth SA,Brussels,2006-06-27,,2.14,2.15,1.61,1.69,1.69,259354.0,259354.0,-0.08999999999999997,-0.2414090909090909,2.0062113636363637
2010-07-01,MDXH.BR,MDxHealth SA,Brussels,2006-06-27,,1.63,2.05,1.63,1.75,1.75,663425.0,663425.0,-0.21000000000000002,-0.4640454545454546,1.6672731818181816
2010-08-01,MDXH.BR,MDxHealth SA,Brussels,2006-06-27,,1.72,1.94,1.7,1.75,1.75,479560.0,479560.0,0.24999999999999997,0.6566818181818181,1.7972727272727276
2010-09-01,MDXH.BR,MDxHealth SA,Brussels,2006-06-27,,1.72,2.09,1.72,1.95,1.95,723682.0,723682.0,0.03999999999999999,0.1273181818181818,1.8290899999999999
2010-10-01,MDXH.BR,MDxHealth SA,Brussels,2006-06-27,,1.95,2.0,1.85,1.86,1.86,629989.0,629989.0,-0.22,-0.5347142857142858,1.8992052380952378
2010-11-01,MDXH.BR,MDxHealth SA,Brussels,2006-06-27,,1.87,1.9,1.45,1.59,1.59,753448.0,753448.0,-0.3399999999999999,-0.8804090909090909,1.6256063636363636
2010-12-01,MDXH.BR,MDxHealth SA,Brussels,2006-06-27,,1.58,1.6,1.43,1.46,1.46,359617.0,359617.0,0.07999999999999997,0.2432727272727271,1.5280313636363638
2011-01-01,MDXH.BR,MDxHealth SA,Brussels,2006-06-27,,1.5,2.76,1.43,2.5,2.5,3285291.0,3285291.0,0.4700000000000001,1.2643809523809524,1.7614285714285711
2011-02-01,MDXH.BR,MDxHealth SA,Brussels,2006-06-27,,2.5,2.55,2.11,2.25,2.25,989308.0,989308.0,-0.42999999999999994,-0.8690999999999999,2.3006664999999993
2011-03-01,MDXH.BR,MDxHealth SA,Brussels,2006-06-27,,2.25,2.31,1.99,2.06,2.06,402056.0,402056.0,-0.26,-0.49882608695652175,2.1504360869565216
2011-04-01,MDXH.BR,MDxHealth SA,Brussels,2006-06-27,,2.08,2.15,1.63,1.71,1.71,1790853.0,1790853.0,-0.2,-0.6286315789473683,1.672281052631579
2011-05-01,MDXH.BR,MDxHealth SA,Brussels,2006-06-27,,1.71,1.89,1.65,1.7,1.7,869691.0,869691.0,-0.33000000000000007,-0.8683181818181818,1.7124240909090906
2011-06-01,MDXH.BR,MDxHealth SA,Brussels,2006-06-27,,1.72,1.87,1.63,1.67,1.67,865370.0,865370.0,-0.039999999999999994,-0.09122727272727275,1.730454090909091
2011-07-01,MDXH.BR,MDxHealth SA,Brussels,2006-06-27,,1.66,1.78,1.64,1.67,1.67,446182.0,446182.0,-0.010000000000000002,-0.012571428571428546,1.6922223809523813
2011-08-01,MDXH.BR,MDxHealth SA,Brussels,2006-06-27,,1.67,1.72,1.25,1.39,1.39,802604.0,802604.0,-0.08000000000000002,-0.17247826086956522,1.4397095652173915
2011-09-01,MDXH.BR,MDxHealth SA,Brussels,2006-06-27,,1.39,1.62,1.33,1.5,1.5,771917.0,771917.0,-0.020000000000000018,-0.05022727272727267,1.41197
2011-10-01,MDXH.BR,MDxHealth SA,Brussels,2006-06-27,,1.48,1.6,1.4,1.54,1.54,296242.0,296242.0,-0.06999999999999999,-0.21033333333333332,1.4830157142857139
2011-11-01,MDXH.BR,MDxHealth SA,Brussels,2006-06-27,,1.49,1.7,1.32,1.43,1.43,449029.0,449029.0,-0.07,-0.15263636363636365,1.495
2011-12-01,MDXH.BR,MDxHealth SA,Brussels,2006-06-27,,1.46,1.55,1.42,1.43,1.43,449126.0,449126.0,-0.08999999999999998,-0.29038095238095235,1.4446033333333335
2012-01-01,MDXH.BR,MDxHealth SA,Brussels,2006-06-27,,1.42,1.74,1.42,1.65,1.65,626573.0,626573.0,0.23999999999999994,0.7476363636363637,1.5719681818181819
2012-02-01,MDXH.BR,MDxHealth SA,Brussels,2006-06-27,,1.65,1.85,1.63,1.7,1.7,544875.0,544875.0,0.04999999999999999,0.18204761904761896,1.7388871428571429
2012-03-01,MDXH.BR,MDxHealth SA,Brussels,2006-06-27,,1.7,1.78,1.63,1.74,1.74,578342.0,578342.0,-0.060000000000000005,-0.14857142857142852,1.721745238095238
2012-04-01,MDXH.BR,MDxHealth SA,Brussels,2006-06-27,,1.74,1.76,1.62,1.7,1.7,233404.0,233404.0,0.05,0.16042105263157894,1.6877194736842103
2012-05-01,MDXH.BR,MDxHealth SA,Brussels,2006-06-27,,1.66,1.7,1.38,1.47,1.47,214226.0,214226.0,-0.07000000000000003,-0.18181818181818182,1.5351522727272728
2012-06-01,MDXH.BR,MDxHealth SA,Brussels,2006-06-27,,1.5,1.65,1.34,1.43,1.43,214568.0,214568.0,-0.010000000000000002,-0.019476190476190466,1.429048095238095
2012-07-01,MDXH.BR,MDxHealth SA,Brussels,2006-06-27,,1.43,1.67,1.3,1.55,1.55,995403.0,995403.0,-0.03999999999999997,-0.15577272727272728,1.4119704545454546
2012-08-01,MDXH.BR,MDxHealth SA,Brussels,2006-06-27,,1.56,1.84,1.48,1.66,1.66,547866.0,547866.0,0.14,0.421913043478261,1.580434347826087
2012-09-01,MDXH.BR,MDxHealth SA,Brussels,2006-06-27,,1.68,1.98,1.61,1.87,1.87,1379582.0,1379582.0,0.039999999999999994,0.14529999999999998,1.7426659999999998
2012-10-01,MDXH.BR,MDxHealth SA,Brussels,2006-06-27,,1.92,2.6,1.85,2.33,2.33,2820661.0,2820661.0,0.3200000000000001,0.7505652173913046,2.1981160869565217
2012-11-01,MDXH.BR,MDxHealth SA,Brussels,2006-06-27,,2.28,2.33,2.01,2.07,2.07,613689.0,613689.0,-0.19,-0.35913636363636364,2.187727727272727
2012-12-01,MDXH.BR,MDxHealth SA,Brussels,2006-06-27,,2.1,2.1,1.95,2.0,2.0,532758.0,532758.0,-0.25000000000000006,-0.676888888888889,1.9990738888888886
2013-01-01,MDXH.BR,MDxHealth SA,Brussels,2006-06-27,,2.0,2.4,1.98,2.25,2.25,1048783.0,1048783.0,-4.163336342344337e-17,0.04872727272727267,2.2581822727272725
2013-02-01,MDXH.BR,MDxHealth SA,Brussels,2006-06-27,,2.29,2.77,2.1,2.3,2.3,2101803.0,2101803.0,-0.06000000000000001,-0.11990000000000005,2.3499999999999996
2013-03-01,MDXH.BR,MDxHealth SA,Brussels,2006-06-27,,2.35,2.37,2.12,2.23,2.23,645151.0,645151.0,-0.01000000000000001,0.01475000000000001,2.2919994999999997
2013-04-01,MDXH.BR,MDxHealth SA,Brussels,2006-06-27,,2.28,2.33,2.03,2.12,2.12,399991.0,399991.0,-0.15000000000000005,-0.3173333333333333,2.135079523809524
2013-05-01,MDXH.BR,MDxHealth SA,Brussels,2006-06-27,,2.13,2.13,1.92,2.06,2.06,393798.0,393798.0,-0.16999999999999998,-0.3654545454545454,2.0507568181818177
2013-06-01,MDXH.BR,MDxHealth SA,Brussels,2006-06-27,,2.07,2.26,1.97,2.26,2.26,5708945.0,5708945.0,0.21,0.50685,2.079501
2013-07-01,MDXH.BR,MDxHealth SA,Brussels,2006-06-27,,2.26,2.64,2.22,2.45,2.45,1721281.0,1721281.0,0.06999999999999999,0.16634782608695659,2.394492608695652
2013-08-01,MDXH.BR,MDxHealth SA,Brussels,2006-06-27,,2.48,2.79,2.42,2.68,2.68,1470206.0,1470206.0,0.18000000000000002,0.3254090909090909,2.526212727272728
2013-09-01,MDXH.BR,MDxHealth SA,Brussels,2006-06-27,,2.67,3.15,2.65,2.91,2.91,1909494.0,1909494.0,0.5199999999999999,0.9205238095238093,2.8542852380952386
2013-10-01,MDXH.BR,MDxHealth SA,Brussels,2006-06-27,,2.99,3.01,2.65,2.96,2.96,1297265.0,1297265.0,-0.16999999999999998,-0.2422608695652173,2.872899130434783
2013-11-01,MDXH.BR,MDxHealth SA,Brussels,2006-06-27,,2.96,3.07,2.65,2.99,2.99,1090639.0,1090639.0,-0.26,-0.41890476190476195,2.8765076190476186
2013-12-01,MDXH.BR,MDxHealth SA,Brussels,2006-06-27,,3.07,3.07,2.85,2.9,2.9,754348.0,754348.0,-0.41,-0.6758000000000001,2.9075010000000003
2014-01-01,MDXH.BR,MDxHealth SA,Brussels,2006-06-27,,2.9,3.2,2.81,2.9,2.9,1847302.0,1847302.0,-0.19,-0.2700454545454546,2.9589395454545455
2014-02-01,MDXH.BR,MDxHealth SA,Brussels,2006-06-27,,3.0,3.76,2.94,3.58,3.58,3846022.0,3846022.0,0.21000000000000002,0.3648999999999999,3.3566660000000006
2014-03-01,MDXH.BR,MDxHealth SA,Brussels,2006-06-27,,3.51,5.29,3.47,4.64,4.64,5139734.0,5139734.0,0.039999999999999813,0.2760952380952381,4.326508571428572
2014-04-01,MDXH.BR,MDxHealth SA,Brussels,2006-06-27,,4.64,4.88,3.83,4.39,4.39,2606038.0,2606038.0,-0.12999999999999987,-0.10610000000000006,4.395332999999999
2014-05-01,MDXH.BR,MDxHealth SA,Brussels,2006-06-27,,4.39,4.6,4.05,4.18,4.18,1244165.0,1244165.0,-0.5999999999999998,-0.6444285714285714,4.25317380952381
2014-06-01,MDXH.BR,MDxHealth SA,Brussels,2006-06-27,,4.19,4.3,3.6,3.63,3.63,1118253.0,1118253.0,-1.0000000000000002,-1.1665238095238097,4.04158761904762
2014-07-01,MDXH.BR,MDxHealth SA,Brussels,2006-06-27,,3.7,3.94,3.07,3.83,3.83,1216997.0,1216997.0,-0.08999999999999998,-0.05269565217391303,3.470143913043479
2014-08-01,MDXH.BR,MDxHealth SA,Brussels,2006-06-27,,3.77,4.1,3.36,4.02,4.02,1688187.0,1688187.0,-0.5199999999999999,-0.6713333333333333,3.680317142857142
2014-09-01,MDXH.BR,MDxHealth SA,Brussels,2006-06-27,,4.08,4.22,3.85,4.02,4.02,1536108.0,1536108.0,-0.3,-0.3244545454545455,4.031666363636363
2014-10-01,MDXH.BR,MDxHealth SA,Brussels,2006-06-27,,4.02,4.1,3.11,3.75,3.75,1757189.0,1757189.0,-0.8800000000000001,-0.9818695652173912,3.7826086956521734
2014-11-01,MDXH.BR,MDxHealth SA,Brussels,2006-06-27,,3.72,4.13,3.52,4.07,4.07,2414483.0,2414483.0,-0.17999999999999997,-0.2154000000000001,3.9103335
2014-12-01,MDXH.BR,MDxHealth SA,Brussels,2006-06-27,,4.05,4.59,4.01,4.41,4.41,2242506.0,2242506.0,0.30999999999999994,0.3638095238095239,4.3279361904761915
2015-01-01,MDXH.BR,MDxHealth SA,Brussels,2006-06-27,,4.46,4.65,4.06,4.62,4.62,3096061.0,3096061.0,-0.27,-0.2796666666666667,4.46047619047619
2015-02-01,MDXH.BR,MDxHealth SA,Brussels,2006-06-27,,4.65,5.88,4.55,5.25,5.25,5286177.0,5286177.0,0.00999999999999996,0.08440000000000017,5.106999500000001
2015-03-01,MDXH.BR,MDxHealth SA,Brussels,2006-06-27,,5.38,5.5,4.61,5.21,5.21,4417711.0,4417711.0,-1.02,-0.8671818181818182,5.034091363636363
2015-04-01,MDXH.BR,MDxHealth SA,Brussels,2006-06-27,,5.2,5.24,4.7,5.0,5.0,2372799.0,2372799.0,-0.78,-0.7611,5.0606665
2015-05-01,MDXH.BR,MDxHealth SA,Brussels,2006-06-27,,5.11,5.24,4.56,4.9,4.9,3245008.0,3245008.0,-0.9299999999999999,-0.9332499999999999,4.922667500000001
2015-06-01,MDXH.BR,MDxHealth SA,Brussels,2006-06-27,,4.98,5.01,4.2,4.41,4.41,4607412.0,4607412.0,-0.41000000000000003,-0.38886363636363636,4.630605909090909
2015-07-01,MDXH.BR,MDxHealth SA,Brussels,2006-06-27,,4.49,4.99,4.32,4.8,4.8,3307071.0,3307071.0,-0.04000000000000001,-0.024130434782608682,4.649566086956523
2015-08-01,MDXH.BR,MDxHealth SA,Brussels,2006-06-27,,4.8,4.84,3.21,4.13,4.13,3952619.0,3952619.0,-1.0199999999999998,-1.0438095238095235,4.255396666666665
2015-09-01,MDXH.BR,MDxHealth SA,Brussels,2006-06-27,,4.12,4.6,3.82,3.88,3.88,2566127.0,2566127.0,-1.1900000000000002,-1.254409090909091,4.22091
2015-10-01,MDXH.BR,MDxHealth SA,Brussels,2006-06-27,,4.05,4.2,3.43,3.75,3.75,2796598.0,2796598.0,-0.47,-0.538909090909091,3.8231818181818182
2015-11-01,MDXH.BR,MDxHealth SA,Brussels,2006-06-27,,3.85,4.19,3.65,3.77,3.77,2068776.0,2068776.0,-0.41000000000000003,-0.48028571428571415,3.8952380952380956
2015-12-01,MDXH.BR,MDxHealth SA,Brussels,2006-06-27,,3.79,4.24,3.53,4.2,4.2,1451767.0,1451767.0,0.23000000000000004,0.2946190476190476,3.7863495238095237
2016-01-01,MDXH.BR,MDxHealth SA,Brussels,2006-06-27,,4.17,4.17,3.35,3.85,3.85,1097636.0,1097636.0,-0.6599999999999999,-0.7929499999999999,3.7840005
2016-02-01,MDXH.BR,MDxHealth SA,Brussels,2006-06-27,,3.9,3.91,2.8,3.03,3.03,2202353.0,2202353.0,-1.2,-1.5476190476190472,3.5620638095238086
2016-03-01,MDXH.BR,MDxHealth SA,Brussels,2006-06-27,,3.18,3.63,3.1,3.6,3.6,1088263.0,1088263.0,-0.1499999999999999,-0.19047619047619055,3.4917466666666663
2016-04-01,MDXH.BR,MDxHealth SA,Brussels,2006-06-27,,3.63,3.77,3.56,3.7,3.7,713748.0,713748.0,0.07,0.09300000000000001,3.654760952380952
2016-05-01,MDXH.BR,MDxHealth SA,Brussels,2006-06-27,,3.73,3.77,3.2,3.33,3.33,869767.0,869767.0,-0.36,-0.43454545454545457,3.430606818181819
2016-06-01,MDXH.BR,MDxHealth SA,Brussels,2006-06-27,,3.33,3.93,2.87,3.78,3.78,1558412.0,1558412.0,0.47999999999999987,0.6559545454545455,3.3927281818181814
2016-07-01,MDXH.BR,MDxHealth SA,Brussels,2006-06-27,,3.77,3.8,3.3,3.63,3.63,688351.0,688351.0,-0.12000000000000001,-0.14004761904761914,3.6261900000000002
2016-08-01,MDXH.BR,MDxHealth SA,Brussels,2006-06-27,,3.65,4.15,3.2,3.36,3.36,1481766.0,1481766.0,-0.45000000000000007,-0.4951304347826088,3.646520869565218
2016-09-01,MDXH.BR,MDxHealth SA,Brussels,2006-06-27,,3.4,4.2,3.34,4.15,4.15,3991369.0,3991369.0,0.0,0.015409090909090957,3.6850000000000005
2016-10-01,MDXH.BR,MDxHealth SA,Brussels,2006-06-27,,4.15,5.0,4.07,4.69,4.69,5738564.0,5738564.0,-0.08999999999999987,-0.01857142857142858,4.652062857142856
2016-11-01,MDXH.BR,MDxHealth SA,Brussels,2006-06-27,,4.74,5.0,4.02,4.62,4.62,4248590.0,4248590.0,-0.87,-0.7900909090909093,4.666667727272728
2016-12-01,MDXH.BR,MDxHealth SA,Brussels,2006-06-27,,4.62,4.9,4.3,4.79,4.79,2425814.0,2425814.0,-0.05000000000000002,-0.04547619047619045,4.559048095238096
2017-01-01,MDXH.BR,MDxHealth SA,Brussels,2006-06-27,,4.84,5.34,4.52,4.99,4.99,5846399.0,5846399.0,-0.49999999999999994,-0.43295454545454554,4.955303636363637
2017-02-01,MDXH.BR,MDxHealth SA,Brussels,2006-06-27,,5.0,5.69,5.0,5.29,5.29,5481078.0,5481078.0,-0.15000000000000002,-0.11499999999999999,5.2769995
2017-03-01,MDXH.BR,MDxHealth SA,Brussels,2006-06-27,,5.34,5.78,5.13,5.3,5.3,4287755.0,4287755.0,-0.5600000000000002,-0.43269565217391304,5.41884
2017-04-01,MDXH.BR,MDxHealth SA,Brussels,2006-06-27,,5.36,5.5,5.11,5.29,5.29,3059476.0,3059476.0,-0.24000000000000005,-0.2347222222222222,5.340925555555555
2017-05-01,MDXH.BR,MDxHealth SA,Brussels,2006-06-27,,5.35,5.39,4.69,4.89,4.89,5306846.0,5306846.0,-0.55,-0.4674999999999999,5.010150909090908
2017-06-01,MDXH.BR,MDxHealth SA,Brussels,2006-06-27,,4.89,5.08,4.5,4.73,4.73,2232668.0,2232668.0,-0.24,-0.21022727272727273,4.9559095454545465
2017-07-01,MDXH.BR,MDxHealth SA,Brussels,2006-06-27,,4.7,5.02,4.53,4.96,4.96,1341158.0,1341158.0,-0.01999999999999999,-0.02485714285714289,4.725872857142858
2017-08-01,MDXH.BR,MDxHealth SA,Brussels,2006-06-27,,5.02,5.2,4.69,4.72,4.72,1245686.0,1245686.0,-0.5,-0.43056521739130443,4.9323182608695655
2017-09-01,MDXH.BR,MDxHealth SA,Brussels,2006-06-27,,4.79,4.95,4.6,4.73,4.73,1274883.0,1274883.0,-0.11,-0.10285714285714284,4.796666666666666
2017-10-01,MDXH.BR,MDxHealth SA,Brussels,2006-06-27,,4.75,4.86,4.32,4.77,4.77,2513122.0,2513122.0,-0.33999999999999997,-0.3280909090909091,4.621667272727271
2017-11-01,MDXH.BR,MDxHealth SA,Brussels,2006-06-27,,4.83,4.83,3.63,3.8,3.8,5659667.0,5659667.0,-0.75,-0.8086818181818182,3.9334854545454534
2017-12-01,MDXH.BR,MDxHealth SA,Brussels,2006-06-27,,3.8,3.9,2.89,3.21,3.21,3500382.0,3500382.0,-0.030000000000000027,0.05563157894736849,3.637719473684211
2018-01-01,MDXH.BR,MDxHealth SA,Brussels,2006-06-27,,3.23,4.14,3.13,3.91,3.91,6750890.0,6750890.0,-0.37999999999999995,-0.40295454545454557,3.631212727272728
2018-02-01,MDXH.BR,MDxHealth SA,Brussels,2006-06-27,,3.93,3.93,3.35,3.4,3.4,3121043.0,3121043.0,-0.93,-1.2677,3.5061660000000003
2018-03-01,MDXH.BR,MDxHealth SA,Brussels,2006-06-27,,3.4,4.19,3.21,3.61,3.61,7690774.0,7690774.0,-0.27,-0.295,3.758730952380952
2018-04-01,MDXH.BR,MDxHealth SA,Brussels,2006-06-27,,3.62,3.93,3.52,3.75,3.75,3105597.0,3105597.0,-0.6000000000000001,-0.7999500000000002,3.6545005
2018-05-01,MDXH.BR,MDxHealth SA,Brussels,2006-06-27,,3.76,4.06,3.69,3.75,3.75,2835620.0,2835620.0,-0.39,-0.45013636363636356,3.796818181818182
2018-06-01,MDXH.BR,MDxHealth SA,Brussels,2006-06-27,,3.7,3.97,3.66,3.86,3.86,1921365.0,1921365.0,-0.45,-0.5573809523809524,3.782697619047619
2018-07-01,MDXH.BR,MDxHealth SA,Brussels,2006-06-27,,3.84,3.9,3.64,3.79,3.79,1619167.0,1619167.0,-0.61,-0.7311363636363637,3.747424090909091
2018-08-01,MDXH.BR,MDxHealth SA,Brussels,2006-06-27,,3.8,3.83,3.31,3.36,3.36,2175271.0,2175271.0,-0.32,-0.3799565217391304,3.6676808695652174
2018-09-01,MDXH.BR,MDxHealth SA,Brussels,2006-06-27,,3.4,3.48,2.62,2.78,2.78,4496794.0,4496794.0,-0.8399999999999999,-1.21815,3.1069994999999997
2018-10-01,MDXH.BR,MDxHealth SA,Brussels,2006-06-27,,2.77,2.93,1.66,1.73,1.73,4602971.0,4602971.0,-0.87,-1.6482173913043479,2.450869565217391
2018-11-01,MDXH.BR,MDxHealth SA,Brussels,2006-06-27,,1.75,2.38,1.35,2.13,2.13,8720651.0,8720651.0,-0.010000000000000009,0.1837272727272727,1.7159095454545457
2018-12-01,MDXH.BR,MDxHealth SA,Brussels,2006-06-27,,2.19,2.19,1.57,1.85,1.85,2109563.0,2109563.0,-0.5,-1.2725263157894735,1.8149115789473687
2019-01-01,MDXH.BR,MDxHealth SA,Brussels,2006-06-27,,1.9,2.12,1.17,1.21,1.21,7962234.0,7962234.0,-0.37999999999999995,-1.181681818181818,1.5224245454545449
2019-02-01,MDXH.BR,MDxHealth SA,Brussels,2006-06-27,,1.21,1.67,0.86,1.33,1.33,11826089.0,11826089.0,-0.13000000000000003,-0.2954,1.2095005
2019-03-01,MDXH.BR,MDxHealth SA,Brussels,2006-06-27,,1.32,1.66,1.23,1.56,1.56,3755798.0,3755798.0,0.16000000000000003,0.5043333333333333,1.4785719047619044
2019-04-01,MDXH.BR,MDxHealth SA,Brussels,2006-06-27,,1.53,1.69,1.37,1.4,1.4,1832612.0,1832612.0,2.7755575615628914e-17,0.027000000000000045,1.4973335
2019-05-01,MDXH.BR,MDxHealth SA,Brussels,2006-06-27,,1.39,1.62,1.18,1.23,1.23,2269680.0,2269680.0,-0.19,-0.6255909090909092,1.394848636363636
2019-06-01,MDXH.BR,MDxHealth SA,Brussels,2006-06-27,,1.23,1.5,1.15,1.23,1.23,1385967.0,1385967.0,-0.20000000000000004,-0.6676,1.2816664999999998
2019-07-01,MDXH.BR,MDxHealth SA,Brussels,2006-06-27,,1.24,1.3,1.19,1.23,1.23,1031175.0,1031175.0,-0.15,-0.4994782608695651,1.2342030434782607
2019-08-01,MDXH.BR,MDxHealth SA,Brussels,2006-06-27,,1.21,1.4,0.95,1.07,1.07,4833193.0,4833193.0,-0.020000000000000018,-0.025454545454545518,1.1131809090909093
2019-09-01,MDXH.BR,MDxHealth SA,Brussels,2006-06-27,,1.07,1.11,0.89,1.01,1.01,2149258.0,2149258.0,-0.09999999999999998,-0.44190476190476213,1.001745238095238
2019-10-01,MDXH.BR,MDxHealth SA,Brussels,2006-06-27,,1.03,1.07,0.94,1.01,1.01,2240862.0,2240862.0,-0.25999999999999995,-1.0996521739130434,1.0114491304347828
2019-11-01,MDXH.BR,MDxHealth SA,Brussels,2006-06-27,,1.01,1.18,0.99,1.01,1.01,2112582.0,2112582.0,-0.14,-0.623904761904762,1.0250800000000002
2019-12-01,MDXH.BR,MDxHealth SA,Brussels,2006-06-27,,1.01,1.07,0.98,1.04,1.04,1411906.0,1411906.0,0.13,0.66015,1.015166
2020-01-01,MDXH.BR,MDxHealth SA,Brussels,2006-06-27,,1.05,1.09,0.9,0.93,0.93,1308648.0,1308648.0,-0.12000000000000001,-0.5512272727272728,0.9849990909090912
2020-02-01,MDXH.BR,MDxHealth SA,Brussels,2006-06-27,,0.93,0.96,0.8,0.85,0.85,2150672.0,2150672.0,-0.03,-0.0492,0.8899995
2020-03-01,MDXH.BR,MDxHealth SA,Brussels,2006-06-27,,0.82,0.88,0.51,0.64,0.64,2945610.0,2945610.0,-0.10999999999999999,-0.3570909090909092,0.6981836363636366
2020-04-01,MDXH.BR,MDxHealth SA,Brussels,2006-06-27,,0.61,0.99,0.59,0.88,0.88,3553827.0,3553827.0,-0.16,-0.8223499999999999,0.7311665000000002
2020-05-01,MDXH.BR,MDxHealth SA,Brussels,2006-06-27,,0.85,0.92,0.8,0.83,0.83,1007369.0,1007369.0,-0.04,-0.21300000000000008,0.8498320000000001
2020-06-01,MDXH.BR,MDxHealth SA,Brussels,2006-06-27,,0.83,0.88,0.7,0.71,0.71,1074172.0,1074172.0,-0.188,-1.0486363636363636,0.7916213636363637
2020-07-01,MDXH.BR,MDxHealth SA,Brussels,2006-06-27,,0.704,0.885,0.69,0.787,0.787,1425248.0,1425248.0,-0.034,-0.1581363636363636,0.7351213636363638
2020-08-01,MDXH.BR,MDxHealth SA,Brussels,2006-06-27,,0.776,0.804,0.705,0.72,0.72,785022.0,785022.0,0.08099999999999997,0.5275714285714286,0.7490471428571429
2020-09-01,MDXH.BR,MDxHealth SA,Brussels,2006-06-27,,0.711,0.725,0.69,0.71,0.71,412230.0,412230.0,0.0009999999999999992,0.033545454545454545,0.7077281818181818
